param c = 1;

param y := 1 1 2 -1 3 -1 4 1 5 1 6 1 7 1 8 -1 9 -1 10 -1 11 -1 12 -1 13 1 14 1 15 1 16 1 17 1 18 1 19 -1 20 1 21 1 22 1 23 -1 24 -1 25 1 26 -1 27 1 28 1 29 1 30 1 31 -1 32 -1 33 -1 34 1 35 1;


param x1 := 1 -0.0192 2 -0.0302 3 -0.1170 4 0.4454 5 -0.7989 6 0.0935 7 0.2654 8 0.604 9 -0.6324 10 0.977 11 0.926 12 0.8055 13 0.3007 14 -0.2771 15 0.3782 16 -0.5911 17 -0.2501 18 -0.1130 19 0.9353 20 -0.1272 21 -0.0244 22 0.2476 23 0.1555 24 -0.9507 25 -0.6986 26 -0.4293 27 -0.8917 28 0.1545 29 -0.8230 30 -0.5885 31 -0.6578 32 -0.2009 33 0.0965 34 0.3399 35 -0.0519;

param x2 := 1 0.4565 2 -0.8531 3 -0.9854 4 0.3952 5 -0.2569 6 0.7398 7 0.3098 8 -0.0959 9 -0.9139 10 -0.4862 11 0.0075 12 -0.0103 13 0.9564 14 0.1357 15 0.68 16 -0.1808 17 0.4231 18 0.8032 19 -0.2590 20 0.9856 21 0.778 22 0.7701 23 -0.8341 24 -1.0000 25 -0.0473 26 -0.9466 27 0.2226 28 0.4526 29 0.7856 30 0.5231 31 -0.7660 32 -0.7598 33 -0.8755 34 0.8383 35 0.9419;



