1 : 0.447 0.938
1 : 0.186 0.889
1 : 0.511 0.956
1 : 0.485 0.898
1 : 0.901 0.672
0 : 0.427 0.93
0 : 0.257 0.639
0 : 0.326 0.356
1 : 0.77 0.925
0 : 0.589 0.288
0 : 0.531 0.283
0 : 0.415 0.657
0 : 0.714 0.605
1 : 0.843 0.788
1 : 0.077 0.223
0 : 0.626 0.369
1 : 0.434 0.962
1 : 0.052 0.58
0 : 0.659 0.389
1 : 0.671 0.032
0 : 0.771 0.501
1 : 0.312 0.115
1 : 0.112 0.667
1 : 0.883 0.679
0 : 0.322 0.699
1 : 0.727 0.047
1 : 0.349 0.642
1 : 0.275 0.042
1 : 0.306 0.478
0 : 0.322 0.35
1 : 0.319 0.016
1 : 0.705 0.306
0 : 0.273 0.628
0 : 0.341 0.645
0 : 0.469 0.684
0 : 0.529 0.689
1 : 0.78 0.13
0 : 0.448 0.317
0 : 0.655 0.418
0 : 0.602 0.24
1 : 0.524 0.748
0 : 0.663 0.539
1 : 0.859 0.722
0 : 0.263 0.436
1 : 0.672 0.405
1 : 0.8 0.758
1 : 0.748 0.923
1 : 0.086 0.54
0 : 0.246 0.431
0 : 0.295 0.467
0 : 0.515 0.681
1 : 0.052 0.657
1 : 0.121 0.348
1 : 0.941 0.481
1 : 0.722 0.856
0 : 0.572 0.281
0 : 0.549 0.299
1 : 0.955 0.501
0 : 0.479 0.279
1 : 0.144 0.745
0 : 0.669 0.296
0 : 0.689 0.557
1 : 0.336 0.96
0 : 0.476 0.236
1 : 0.647 0.125
1 : 0.726 0.109
0 : 0.29 0.538
0 : 0.411 0.302
0 : 0.394 0.651
0 : 0.306 0.303
0 : 0.351 0.736
0 : 0.677 0.479
0 : 0.466 0.218
0 : 0.724 0.656
1 : 0.829 0.822
1 : 0.668 0.089
1 : 0.515 0.912
0 : 0.217 0.452
0 : 0.761 0.409
0 : 0.621 0.721
1 : 0.734 0.831
0 : 0.476 0.679
1 : 1 0.529
0 : 0.572 0.764
1 : 0.554 0.067
0 : 0.657 0.343
1 : 0.858 0.749
1 : 0.689 0.9
1 : 0.736 0.843
0 : 0.309 0.465
0 : 0.429 0.334
0 : 0.262 0.479
0 : 0.275 0.418
1 : 0.901 0.553
1 : 0.401 0.917
1 : 0.121 0.179
0 : 0.527 0.905
0 : 0.903 0.337
0 : 0.533 0.761
0 : 0.383 0.321
0 : 0.337 0.3
0 : 0.71 0.343
1 : 0.034 0.498
1 : 0.428 0.032
0 : 0.378 0.74
0 : 0.754 0.111
1 : 0.964 0.639
1 : 0.316 0.076
1 : 0.909 0.595
0 : 0.708 0.567
0 : 0.539 0.221
0 : 0.622 0.707
0 : 0.237 0.451
0 : 0.33 0.595
0 : 0.713 0.568
0 : 0.742 0.553
0 : 0.538 0.267
0 : 0.301 0.407
1 : 1 0.584
0 : 0.544 0.668
1 : 0.483 0.005
1 : 0.213 0.15
1 : 0.068 0.346
0 : 0.442 0.272
0 : 0.396 0.643
0 : 0.277 0.483
0 : 0.599 0.756
0 : 0.634 0.329
0 : 0.294 0.486
0 : 0.592 0.331
1 : 0.258 0.866
1 : 0.952 0.651
1 : 0.327 0.876
0 : 0.54 0.698
1 : 0.295 0.934
0 : 0.379 0.695
0 : 0.282 0.546
1 : 0.587 0.952
0 : 0.272 0.321
1 : 0.466 0.946
0 : 0.486 0.04
1 : 0.516 0.92
1 : 0.095 0.337
1 : 0.285 0.037
1 : 0.04 0.495
1 : 0.179 0.174
0 : 0.368 0.302
1 : 0.087 0.718
1 : 0.732 0.841
0 : 0.477 0.243
0 : 0.552 0.239
0 : 0.699 0.374
0 : 0.286 0.6
1 : 0.879 0.302
1 : 0.523 0.692
0 : 0.349 0.378
1 : 0.754 0.134
0 : 0.585 0.715
1 : 0.657 0.952
1 : 0.357 0
0 : 0.372 0.688
1 : 0.164 0.848
1 : 0.955 0.598
0 : 0.504 0.263
1 : 0.94 0.548
1 : 0.486 0.92
1 : 0.649 0.616
1 : 0.596 0.9
0 : 0.721 0.473
0 : 0.661 0.403
0 : 0.023 0.636
0 : 0.691 0.54
1 : 0.165 0.172
1 : 0.723 0.908
1 : 0.041 0.303
0 : 0.702 0.448
1 : 0.884 0.78
0 : 0.233 0.404
1 : 0.186 0.882
1 : 0.681 0.903
1 : 0.279 0.069
1 : 0.214 0.791
1 : 0.499 0.769
1 : 0.607 0.111
0 : 0.496 0.767
0 : 0.698 0.375
1 : 0.03 0.496
1 : 0.401 0.987
0 : 0.542 0.703
0 : 0.278 0.342
1 : 0.587 0.903
0 : 0.558 0.297
1 : 0.392 0.923
1 : 0.063 0.578
0 : 0.718 0.6
1 : 0.205 0.787
1 : 0.587 0.891
0 : 0.714 0.525
0 : 0.675 0.571
0 : 0.288 0.374
