1 : 0.018 0.694
0 : 0.464 0.688
1 : 0.417 1
1 : 0.128 0.085
1 : 0.227 0.882
1 : 0.841 0.856
1 : 0.145 0.134
1 : 0.258 0.614
1 : 0.029 0.342
1 : 0.697 0.942
0 : 0.298 0.31
0 : 0.406 0.245
1 : 0.31 0.637
0 : 0.275 0.559
1 : 0.312 0.043
1 : 0.151 0.882
0 : 0.401 0.268
0 : 0.377 0.701
1 : 0.859 0.8
0 : 0.582 0.686
0 : 0.516 0.218
0 : 0.298 0.632
1 : 0.087 0.227
1 : 0.945 0.406
1 : 0.011 0.291
1 : 0.633 0.969
0 : 0.443 0.205
1 : 0.229 0.096
0 : 0.328 0.658
1 : 0.921 0.269
1 : 0.021 0.621
0 : 0.689 0.627
1 : 0.607 0.274
0 : 0.26 0.57
0 : 0.225 0.387
0 : 0.705 0.398
0 : 0.323 0.243
1 : 0.155 0.115
1 : 0.421 0.257
0 : 0.243 0.4
0 : 0.718 0.434
1 : 0.452 0
1 : 0.822 0.793
0 : 0.099 0.817
1 : 0.24 0.042
0 : 0.618 0.288
0 : 0.303 0.322
1 : 0.408 0.257
1 : 0.237 0.891
0 : 0.307 0.261