1:4.13458 3.91118 2.69257 3.40865 3.69767 2.20784 3.19926 3.7492 3.7657 2.16339 3.60992 3.82601 3.84968 2.30785 2.91747 4.05844 1.81859 4.49986 3.33419 2.55326 1.53184 3.08268 3.79164 2.63243 2.1298 3.28174 5.34108 2.53991 2.3023 4.23632 4.38993 2.86934 3.23537 2.97793 3.13717 1.25531 1.8992 3.59318 3.58333 1.526 2.56939 3.49186 3.60273 1.57859 2.07568 3.0663 3.83534 1.12488 3.6581 0.928991 1.2015 2.71043 2.14015 1.13552 1.36378 4.01821 2.40135 1.04716 1.15988 4.81937 2.78231 1.70711 1.33109 3.32101
2:-0.00431223 2.89134 4.01067 1.24651 0.18416 3.18301 4.73232 0.916787 0.664252 4.56835 3.33399 0.873406 0.488354 3.8976 3.45556 1.07466 3.17356 1.92168 2.4787 2.78926 3.63309 1.96888 2.6995 1.96837 3.1974 2.53962 2.36487 1.403 2.32999 2.20544 2.22537 1.21341 2.40319 3.28973 4.30381 4.3546 3.08576 4.12793 3.67463 4.45753 4.16613 3.84769 3.2261 3.05068 3.61613 3.08017 4.22218 3.0971 2.26968 3.27245 4.3776 3.28932 2.29219 3.57359 4.48522 3.98303 3.59857 4.20545 3.5141 2.81644 2.80884 3.21218 3.26715 1.52419
1:1.34264 0.969825 0.859975 1.26132 1.28894 0.915769 0.319785 1.15498 1.16516 0.484187 0.929213 1.04027 1.04102 0.759427 1.21372 1.22053 0.961483 0.551939 0.869168 0.722818 0.91574 0.483358 0.384577 0.535546 0.502581 0.427044 0.446285 0.960256 0.48364 0.071692 0.497657 1.25036 0.564906 0.229346 -0.210346 0.336729 0.376711 -0.254542 -0.340531 0.277613 -0.0286587 -0.334727 -0.000938523 0.621338 0.0340778 -0.139982 -0.0807911 0.922145 0.0439106 -0.0302617 -0.466124 -0.167594 -0.0670947 -0.0943168 -0.294296 -0.396571 -0.222618 -0.47622 -0.158551 -0.109275 -0.182316 -0.196171 0.164361 0.107306
0:-0.0669139 0.260158 0.298756 1.20645 0.05321 0.598889 0.304869 1.78616 1.8482 0.165497 0.360576 -0.0543985 -0.0363179 0.103272 0.229435 -0.379338 -0.0206342 -0.338827 0.87372 0.392346 -0.0557232 0.086391 1.54962 0.483234 0.641907 1.13194 -0.0290959 -0.0724989 0.599546 0.342009 -0.0587949 0.116842 0.854026 0.0641301 0.695586 0.42996 1.00912 0.430854 1.47192 0.0376461 0.663908 1.35763 0.850055 0.120369 0.920508 0.433599 -0.0149218 0.680468 0.0983216 1.03184 0.769418 0.932019 0.558023 0.986203 0.680931 1.34728 1.06853 0.342482 1.03817 0.739286 0.850353 0.249281 1.13842 0.468744
0:0.753893 0.854671 2.8889 1.61868 1.28526 2.0094 3.54625 1.97952 1.48324 3.0812 1.31507 1.42214 1.43151 2.21886 1.47807 1.12125 2.12467 0.612153 1.416 2.49476 2.89863 0.867873 2.03049 2.32176 2.61042 1.73388 1.13816 1.38518 2.21302 1.10922 0.622895 1.12666 0.26343 0.421377 0.900092 3.45939 1.36185 -0.135476 0.166501 3.62004 2.30431 -0.033924 -0.366438 1.58426 1.20116 -0.1871 -0.0774474 2.12047 -0.332005 0.0216721 0.960769 -0.0480728 -0.149902 0.864238 0.647846 0.242308 0.18433 0.738289 0.227298 -0.396845 -0.205438 0.382398 0.669433 -0.395277
0:0.431797 0.123255 -0.0967485 -0.0110305 0.221976 -0.00164156 -0.262797 -0.125235 -0.104292 -0.132761 -0.0599296 0.154427 0.367464 -0.245357 0.188471 0.389772 0.281066 0.718673 0.489908 0.171048 0.549771 0.787755 0.228274 -0.0152068 0.301607 0.502521 0.794859 0.076202 0.198117 0.656555 1.05854 0.164692 1.27312 0.5349 0.907218 0.841617 1.21702 0.490166 0.535399 0.217195 0.557464 0.58631 0.016272 0.68432 0.436921 0.274102 0.441545 1.3263 1.0497 1.18741 1.42731 1.24608 1.17276 1.47215 0.891957 0.657069 0.831011 1.02895 1.05179 0.980124 0.773462 0.805016 1.47488 1.51273
2:1.6909 0.850767 0.578951 0.562888 1.26346 0.965396 0.311022 1.03423 1.2655 0.756135 0.647534 1.373 1.82441 0.614331 1.24386 0.922106 1.28034 1.10967 0.561438 1.35056 1.18995 0.809389 0.929307 1.10731 1.00181 0.391732 1.41383 1.38886 1.14404 1.07595 1.14438 1.90166 1.20115 1.59632 0.59508 1.49997 1.73204 1.3394 1.78588 0.702755 1.22548 0.999167 2.24787 0.903831 1.06955 1.93249 1.6459 1.67604 0.581365 0.34682 1.30385 0.488962 0.717185 1.11021 0.372597 0.251936 0.358244 0.738073 0.0732394 0.176073 0.280058 -0.325065 0.869784 0.674806
2:0.756389 1.08477 4.25989 1.82523 1.84444 4.03054 -0.0380164 0.667314 1.8332 1.96251 -0.186623 0.0594816 0.152449 -0.691538 3.21732 1.26659 2.35761 1.52878 3.72908 1.56804 2.16537 3.21295 1.6213 0.301257 1.35591 2.48467 0.502056 1.33234 1.2605 0.172527 3.1358 1.90275 2.25352 2.39922 2.34948 3.88308 3.83354 2.10195 2.139 0.753996 2.17196 2.13667 2.15144 0.843111 0.769073 2.11524 2.70688 3.48983 1.6994 2.73653 2.84748 3.59407 2.98085 2.91202 1.57255 1.42928 2.1702 1.99006 2.27921 0.718273 0.809421 1.89011 2.87494 2.89135
2:-0.034159 -0.0151867 0.292964 1.23353 0.623737 -0.24837 2.22367 -0.00944063 -0.0733676 -0.0355595 0.0584424 0.607552 -0.162165 0.823002 -0.0277513 0.989293 1.70934 1.57746 0.765538 2.38213 2.77058 0.866096 0.51689 1.59004 2.70464 1.0141 1.41859 0.535259 2.06492 1.03919 1.05999 0.945888 0.161438 1.22913 2.85335 0.676027 0.0774784 1.8317 1.4153 1.90478 0.91671 1.09426 0.937846 1.21434 -0.0202304 0.53778 2.08691 0.797523 1.67332 1.19523 2.19471 0.567106 0.935779 2.41425 1.78037 1.99493 1.31903 2.88403 1.33563 1.94288 2.1668 2.4306 2.03264 0.557107
1:-0.833808 0.693849 0.562209 0.463147 -0.100497 1.20989 -1.03798 -0.714698 -0.340274 -0.411758 -0.663317 -1.11886 -1.03555 -0.939107 1.89493 -0.245398 1.20914 -0.767936 0.610245 -0.28397 0.156172 -0.0174224 -0.977832 -1.03417 -0.595629 -0.148854 -1.18202 -0.0722315 -0.65294 -1.21107 -0.130727 -0.126998 0.0696161 -0.285807 -0.40278 0.910003 0.651291 -0.399694 -1.13198 -0.870817 -0.357229 -0.682294 -1.08103 -0.116539 -0.780562 -1.01437 -0.434071 1.93579 -0.328775 0.916124 -0.0033491 -0.0502563 0.22657 0.429827 -0.800715 -1.15955 -0.461328 -0.587728 -0.0135141 -1.06926 -0.866073 -0.575669 0.818572 0.154227
0:0.0269805 1.44767 0.453207 1.27296 0.474165 1.27976 0.116844 0.688675 0.52971 -0.0891614 1.31857 0.232344 -0.0451463 0.905881 2.06809 0.833411 0.798666 -0.0471345 -0.0231576 0.773607 1.10514 0.122409 -0.0380368 0.760061 0.443183 0.00888097 0.0459297 0.296305 0.385685 0.250777 0.244484 0.332484 1.35673 -0.0332382 0.625302 -0.0723958 0.715454 -0.245178 -0.036839 0.266599 -0.124885 -0.193906 -0.488219 1.65835 1.06823 -0.488249 -0.0723166 1.33683 0.619995 1.17609 0.453801 0.400999 0.571584 0.492151 0.174826 0.718461 0.070966 0.268606 0.840754 1.17872 1.14512 0.162275 1.18447 1.299
1:2.22953 0.800022 2.09667 0.876143 1.62693 2.26184 1.26832 2.37373 2.33013 2.21268 0.576411 1.39592 2.50133 0.628323 2.38988 -0.0141566 3.05759 0.222245 0.364554 4.46352 3.589 -0.0283008 1.22989 3.63166 3.70443 0.623672 0.301589 3.18608 3.07829 1.45667 0.00636929 3.52864 1.32171 2.74683 3.27027 3.30657 2.77163 2.3774 3.81822 1.89383 2.58474 2.31485 3.48473 1.30961 1.20895 2.63631 2.03884 3.45009 1.15987 3.1177 4.35746 0.919535 1.38439 4.44352 2.93993 1.0132 1.62014 3.98629 2.8865 0.723702 1.35846 2.86162 4.3289 1.22291
2:0.22612 0.541005 2.86972 -0.222086 0.0497226 1.53997 1.69945 -0.150699 -0.00785372 1.56967 0.473004 0.343395 0.377808 -0.0133298 1.20947 0.991627 0.564129 2.20182 2.48255 0.0818389 0.572857 2.61892 2.20537 0.244027 0.364964 2.28184 2.24474 0.834441 0.561257 1.8503 3.24088 0.171725 1.94918 1.95142 1.27231 1.86518 2.14723 1.21333 0.956914 1.22248 1.87537 0.97109 1.62125 0.839147 1.20446 1.94185 2.06921 1.60746 2.19599 1.00075 1.46127 3.46745 2.81271 1.25813 0.908305 2.8136 2.33049 1.08882 1.25318 2.55058 1.59341 1.14546 1.50181 3.28087
0:-0.482885 1.34801 0.706626 -0.0387742 -0.308103 1.01224 0.627019 -0.316721 -0.512925 -0.0374779 1.26683 -0.671959 -0.771536 0.88908 1.59572 -0.220538 -0.0723984 -0.333772 -0.143946 -0.0908307 -0.0132249 -0.277468 -0.680812 -0.307815 -0.201344 -0.245857 -0.600647 -0.602983 -0.393832 -0.595669 -0.150399 -0.516838 0.172188 -0.770349 -0.642062 -0.101736 -0.0590407 -0.71444 -0.902535 -0.0389764 -0.159711 -0.595712 -1.03704 0.641408 -0.0353739 -1.026 -0.747479 0.499044 -0.134182 0.155046 -0.0661959 -0.0711213 -0.0343657 -0.175844 0.274032 -0.306094 -0.0177959 -0.0780983 0.134505 -0.255091 -0.281081 -0.0112983 -0.187722 -0.00496385
0:0.0272264 0.50067 0.464056 1.88901 0.874683 0.0646907 0.812935 0.678624 0.901869 0.371303 0.945755 -0.0456248 -0.216366 1.08122 0.609871 0.684693 1.14281 0.0287187 1.16078 1.00044 1.24192 0.604319 0.190591 0.838026 1.25597 0.866198 -0.0126452 0.478543 0.848734 -0.191315 0.484111 0.460662 0.539419 0.0902486 0.784633 0.150031 -0.00821509 0.440571 -0.0184315 0.78603 0.0407828 0.319568 -0.274274 1.26592 0.450163 -0.264008 0.361121 0.800127 0.513849 0.425575 0.0641488 0.313074 0.456459 0.196322 0.063096 -0.00885499 0.232447 0.0501026 0.31303 0.418626 0.204612 -0.00107748 0.46592 0.372077
0:1.61953 0.42569 0.545916 2.61597 1.89699 -0.00212377 2.49164 1.83262 1.82501 1.335 1.5599 2.01567 1.94601 2.52433 0.11237 2.23098 0.685211 1.90993 1.36011 1.19097 1.07529 1.46441 1.95066 2.44339 1.86923 1.39285 1.99796 1.2668 1.66004 1.61503 1.47002 0.894169 0.283662 0.586426 0.980174 0.599064 0.0997152 0.889355 1.20521 2.37211 1.28529 0.925454 0.614775 1.60948 1.76366 0.891898 0.982782 -0.00635629 0.946585 0.22689 0.51415 0.423831 0.794688 0.210331 2.17699 0.978554 0.703 1.40602 1.25153 0.844925 1.46092 2.05243 -0.00986185 0.502012
1:0.94022 -0.208841 -0.122314 0.493563 0.847466 -0.112012 -0.181134 0.197027 0.87101 -0.0618896 -0.248444 -0.0527242 0.507165 -0.47439 -0.244838 0.341751 -0.142797 0.30297 1.02811 -0.0257238 -0.294098 0.640907 1.31636 0.233663 -0.0290932 0.962353 0.808342 0.375728 0.057682 0.611829 0.550712 0.620835 -0.249513 0.855645 0.591665 -0.0663828 -0.267271 1.29217 1.24504 -0.0460201 -0.0345075 1.15372 1.00861 -0.191225 -0.0293887 0.919527 1.1289 -0.425044 -0.00115864 -0.456432 -0.469662 0.303235 -0.131117 -0.605782 -0.0612848 1.015 0.455094 -0.146402 -0.136808 0.325357 0.41547 0.248536 -0.641113 -0.366083
2:2.599 0.253682 2.27401 2.59172 2.93809 1.75863 2.86545 2.65329 2.85791 2.3752 0.888335 2.13357 2.98473 2.22251 0.502231 2.5764 1.22204 1.4966 3.54137 1.58492 1.04717 2.19249 4.27007 1.85144 0.658702 3.15725 2.37762 2.22209 2.74975 2.27047 1.69431 2.75445 0.181166 2.97201 1.99148 0.319817 0.440393 3.84839 3.82063 2.30542 2.0983 3.55456 3.38886 0.836186 3.60571 3.29612 3.50719 -0.0860681 0.486517 1.47532 -0.427059 1.94473 0.699731 -0.539862 1.97008 4.15118 2.27397 -0.0201215 2.29272 1.83422 2.3888 2.76472 -0.139135 -0.290426
1:2.24845 0.828167 1.17165 0.721644 1.57695 1.4369 0.550749 1.61905 1.34749 1.1337 0.599312 2.41199 2.33735 0.786629 1.35922 1.48901 0.964152 1.1033 0.807503 0.935251 0.88568 0.586611 0.962768 1.02929 0.408749 0.484574 1.16129 1.50461 1.14833 0.759484 0.855691 1.80364 0.639012 1.48257 0.805813 0.774253 1.23017 1.55934 1.50443 0.167079 0.824268 1.11932 2.32131 0.187771 1.09363 1.87919 2.00592 0.652794 0.764796 0.863587 0.918315 1.05708 0.942095 0.881229 0.865663 0.787787 0.961914 0.708699 0.859234 0.715978 0.800615 0.632967 0.868593 0.777777
2:2.57557 2.17877 1.79577 1.35628 2.73813 1.84081 3.41398 1.43853 2.33465 1.04015 3.03824 1.58472 2.2812 2.21513 2.9354 2.36486 1.41587 3.0985 2.73608 3.20981 2.72046 3.5755 2.29963 3.72438 2.95924 1.86243 3.17707 3.19479 3.26694 3.84741 4.20882 2.52621 3.20713 2.97295 3.50296 0.428635 2.5763 2.61778 3.47839 2.04861 2.10945 2.84969 3.1264 2.44157 2.76523 2.56807 3.41709 1.39565 2.81021 2.26743 1.9824 3.51204 2.8406 2.4225 3.13656 2.50896 2.02786 3.43376 2.44058 3.83695 2.49608 4.64961 2.66572 2.8591
0:0.286285 0.880478 0.165775 0.0447971 0.416122 0.524434 -0.0347767 -0.103823 0.148907 -0.021882 0.600296 -0.0158038 0.0118377 0.0557438 0.672715 0.46144 -0.216554 0.997359 0.966792 -0.368508 -0.294422 1.43931 0.249623 -0.170433 -0.204171 0.4756 0.90979 -0.00107112 -0.198191 0.422218 1.96966 -0.0625901 1.39444 0.707709 0.340813 -0.112597 1.05142 1.08291 0.826815 -0.152493 -0.121348 1.2465 1.05934 0.0850151 1.14568 1.11482 1.36082 -0.086308 1.74757 0.107977 -0.206505 2.14139 1.88765 -0.241272 0.467726 1.29788 0.877562 -0.0857152 0.363615 2.32375 1.31349 0.792633 -0.115589 2.66188
2:3.76171 -1.39649 -1.84364 -0.879981 1.79687 -1.47469 -1.95903 -1.80113 -0.679182 -1.60081 -1.72704 -0.860643 -0.254176 -1.51519 -1.60892 -0.738115 -0.471082 2.87429 2.81306 1.55445 -0.627372 2.1438 2.17613 0.834366 -0.462135 1.15394 2.82711 1.8317 -0.304792 1.18067 2.89431 2.79598 -0.244156 3.73106 2.55434 -0.90624 -0.199498 4.62623 3.12198 -1.66961 -0.60835 3.70531 4.4512 -1.36363 -0.572963 3.95314 4.97587 -1.14612 2.64645 -0.411315 -0.408508 3.01162 2.18534 -0.215383 -0.980039 2.18379 1.59576 -0.751062 -0.654011 2.60924 1.41781 -0.941749 -0.354731 2.62822
2:-0.547391 -0.604017 0.695161 -0.240765 -0.299174 0.462843 0.73355 -0.647805 -0.214562 0.943587 -0.10195 -0.907789 -0.625593 0.760327 -0.162407 -0.596734 1.84561 0.653575 1.53926 1.09069 1.68046 0.746446 1.74399 0.861549 1.45411 1.83996 1.06899 1.41488 2.00712 1.24811 0.234946 1.67515 0.0381825 1.76098 1.83911 1.46507 0.575115 1.81477 1.83373 2.47854 1.57725 1.60978 1.40052 1.11945 1.35786 1.20317 1.82685 0.855459 0.722651 1.36781 1.80007 1.20973 0.735196 1.44717 1.76952 1.91514 1.76519 1.70156 1.77523 0.820128 1.45697 1.76887 1.49919 -0.0972419
0:2.57989 0.811251 2.43674 2.38538 1.70446 1.9261 2.46284 3.46814 2.39608 2.71037 1.04127 2.82034 3.19901 1.63579 1.35324 1.87033 2.03512 1.54554 1.90113 1.11827 1.63724 1.45393 2.34734 1.97416 2.22283 2.07648 1.80631 2.40848 2.54335 1.88067 1.52223 1.72551 0.478503 0.529959 -0.0404262 2.49889 1.27183 -0.00431667 0.6723 2.41955 1.22199 0.0413326 0.770255 1.07033 1.08145 0.947419 -0.111998 1.69679 -0.0570211 -0.148512 -0.0606395 0.413628 0.348835 -0.112616 0.196211 0.420703 0.505926 -0.197858 0.173673 -0.133179 -0.0377517 0.179812 -0.214501 -0.00708683
0:0.212183 -0.293326 -0.208265 0.434528 0.676454 -0.269919 -0.878481 -0.251525 -0.00826121 -0.656866 -0.489067 -0.225007 -0.325396 -0.31617 -0.533965 0.5848 0.649197 0.184755 1.1629 -0.108238 -0.0438342 1.78479 -0.114364 1.33506 0.996571 0.512669 -0.0824172 1.97497 1.98574 -0.412283 0.953453 -0.00561303 0.00681889 1.37618 1.47824 -0.587404 -0.488212 0.713465 0.69588 0.883108 -0.137779 0.709215 0.565566 1.86614 -0.000372958 0.33126 1.53387 -0.131283 0.502118 1.97751 -0.541544 0.706581 1.37356 -0.156413 1.44531 -0.508539 0.124197 0.726301 2.61079 -0.456252 -0.325294 3.77291 0.952091 -0.0539756
0:-0.316335 1.09058 0.848179 -0.280199 -0.17749 1.22635 -0.207817 -0.380978 -0.435489 0.168985 0.648341 -0.0977099 -0.29442 -0.113778 1.58607 0.251954 -0.108219 -0.0403611 -0.403331 -0.267585 -0.167907 -0.0239146 -0.802924 -0.696832 -0.511645 -0.577598 -0.300137 -0.509109 -0.610603 -0.509899 0.507554 -0.455806 0.290834 -0.839781 -1.01657 -0.207827 0.179381 -0.981208 -1.28023 -0.579847 -0.502394 -1.01921 -1.15846 -0.139261 -0.50184 -0.96083 -0.905701 0.502787 -0.180583 -0.296582 -0.527108 -0.337955 -0.0124711 -0.3206 -0.845191 -0.94156 -0.51463 -0.780809 -0.620459 -0.444305 -0.567929 -0.856881 -0.482633 0.413385
0:-0.00812306 0.661903 0.024133 -0.254645 -0.0348969 0.458384 -0.340769 -0.339097 -0.231414 -0.16264 0.203277 -0.0271122 -0.124774 -0.165809 0.756292 0.240793 -0.0587011 0.289525 0.105428 -0.174463 -0.0722807 0.350039 -0.160224 -0.440279 -0.318453 -0.0286938 0.112059 -0.215508 -0.244995 -0.0583298 0.674298 -0.0294152 0.669849 0.595956 0.65609 -0.0204839 0.732618 1.09277 0.367439 -0.331987 -0.0668747 0.824575 0.679524 -0.0267889 0.0133518 0.594933 1.27554 0.264251 1.05582 1.27752 1.16174 1.4557 1.26726 1.11503 0.658918 1.10692 1.03298 0.515962 1.08512 1.20709 0.929808 0.313478 1.34298 1.36236
0:4.31976 0.823671 0.91309 2.93968 3.93326 0.00735712 3.32215 3.40147 3.47271 2.29386 1.78698 3.59994 4.00906 2.35184 0.456016 3.13131 3.66873 1.66348 0.853215 4.54432 3.75654 0.749033 3.21933 4.24163 4.11902 1.4158 3.0213 4.20816 4.16258 3.13114 0.695305 4.56909 0.680098 4.62113 4.63692 2.01364 1.05278 4.3649 4.41938 3.6359 2.15838 3.31036 4.72464 1.94016 1.76649 3.70706 4.35503 1.98547 1.47425 3.41337 3.00216 -0.103708 -0.268793 3.79626 3.59414 2.56038 1.71229 4.24796 3.77547 1.55835 3.02042 3.47122 3.93514 -0.588244
1:4.59936 2.26727 1.9889 3.02794 3.88654 1.42207 4.57897 3.65561 2.89581 3.30362 3.1577 5.01663 4.57773 4.06522 2.45095 4.3581 4.82092 4.1616 2.18622 4.65487 5.18841 2.26831 3.98747 4.34305 4.56735 2.37577 5.03686 4.40643 5.12896 4.32885 2.88661 4.95965 1.90644 4.85093 4.49547 3.00361 2.31105 4.73168 4.55523 4.85514 3.02096 2.93954 5.4553 3.97396 3.3641 4.74505 5.90612 3.25329 3.50365 4.72838 4.63593 0.992163 2.04852 5.29639 4.84175 3.2984 2.93632 5.26859 4.86073 3.58066 4.00875 4.95786 4.82453 0.996483
0:0.731848 0.647604 0.18893 -0.0213727 0.0190781 0.481852 1.26543 1.34589 0.610656 1.3011 1.36098 1.44139 1.71992 1.41292 1.12152 -0.0101653 1.17207 0.318101 -0.296834 1.08393 1.13215 -0.38732 0.911085 1.18939 1.09589 0.0738931 0.743947 1.10062 1.0928 1.35459 -0.168768 0.730286 0.55115 0.397979 0.0199465 0.423761 0.214332 -0.110856 0.67496 1.14509 0.543687 0.229293 0.669646 0.848826 0.744321 0.685788 0.0199602 0.181414 -0.0154221 0.383321 0.687337 -0.358957 -0.331229 0.419074 0.519474 0.45515 0.0782884 0.731006 0.473063 0.278403 0.469476 0.115253 0.363403 -0.306866
0:-1.90222 1.12092 -0.410297 -1.60745 -1.83726 1.16763 -0.893106 -1.4188 -1.44989 -0.527086 0.431239 -1.32792 -1.60534 -0.516773 2.56181 -1.59558 0.655506 -1.16262 -1.50472 -0.257666 1.91677 -1.30858 -1.26134 -1.61129 -0.893278 -1.16841 -1.09582 -1.34699 -1.18812 -0.904644 -0.988522 -0.864263 0.754987 -1.07884 -1.32148 0.510799 0.424645 -1.28428 -1.35139 -0.662824 -0.37887 -1.12947 -1.4386 0.409298 -0.437691 -0.943623 -1.29924 1.33659 -0.14904 0.366512 0.222452 -0.551858 -0.340539 0.595737 -0.295131 -0.30063 -0.267994 -0.22739 -0.213269 0.148267 -0.251306 -0.679746 0.342248 -0.0147003
0:2.6409 0.430108 3.11833 3.04806 2.95273 1.74596 1.96642 1.51009 2.55895 2.9105 -0.00741762 1.69943 1.63433 0.236269 1.19947 2.82772 0.58776 0.729698 1.84193 3.72447 2.43795 1.13193 0.23919 1.49227 2.17011 0.895697 -0.0624396 0.992603 -0.0704676 -0.45012 0.609057 2.32234 -0.320381 1.40383 2.08178 2.98188 0.812615 1.56952 0.0842283 1.16105 2.0166 0.428574 -0.0817426 -0.490666 -0.576879 -0.239656 1.47588 0.688831 -0.360869 -0.540598 2.19778 0.841548 0.351625 1.04062 0.0875492 -0.292989 0.276663 1.20181 -0.858087 -0.887146 -0.648214 -0.620408 0.511672 -0.291318
1:0.691274 -0.00173714 0.89262 0.17364 0.530624 0.858478 0.348597 0.806862 0.339549 0.569309 -0.0229747 0.543692 0.485137 0.184417 0.562428 0.330875 -0.00731788 -0.137104 0.238061 -0.515247 -0.298013 0.172717 0.0269595 -0.168908 -0.431012 0.595711 -0.214925 0.823341 0.625326 -0.150919 0.206703 0.122948 -0.0742716 -0.100935 -0.872517 0.0623697 0.296535 -0.342247 -0.349513 -0.180885 -0.117069 -0.491441 -0.0640499 -0.213078 -0.145205 -0.094251 -0.222991 0.331761 -0.207403 -0.256018 -0.595895 0.00363088 -0.000122261 -0.412757 -0.608908 -0.267664 -0.125201 -0.764307 -0.26856 -0.307467 -0.217864 -0.355256 -0.357976 -0.0217171
0:2.45976 2.48842 3.13017 1.93153 1.6664 2.95491 2.92082 2.80575 2.25509 2.93924 2.66602 2.90671 2.30455 2.42571 3.40247 1.80169 2.73259 1.49169 1.12936 2.50102 2.54483 0.868901 2.0826 2.21945 2.30825 1.55332 1.96272 2.48182 2.15166 1.888 1.52376 2.08888 1.89354 1.76759 1.58394 2.27175 2.04701 1.06094 1.86018 2.0809 1.93336 1.61218 2.36054 1.88057 1.7297 1.57643 1.28305 2.40163 1.19314 1.65657 1.49959 0.830786 0.76564 1.57935 1.58227 1.82613 1.25018 1.47123 1.73261 1.64565 1.50405 1.26503 1.83034 0.665168
0:3.10838 1.68235 2.88245 2.35357 2.56033 2.0118 3.14997 2.57132 2.45415 2.51754 2.17352 3.11128 2.65207 1.84793 2.19913 2.68307 1.68056 2.21519 1.66311 2.81927 1.89806 1.62355 2.09186 2.41208 2.04494 1.58313 2.33191 2.11545 1.74387 2.02065 2.13723 2.27653 1.37042 1.82556 1.60713 1.33501 1.28257 1.59629 1.79071 1.52947 1.61089 1.62758 2.23703 1.05231 1.37616 1.58917 1.95277 1.01435 1.2459 0.500435 0.367385 0.90735 0.649369 0.117655 1.05331 1.77342 1.07194 0.629593 0.883385 1.6788 1.2944 0.970334 0.202951 0.712977
2:2.3102 -0.713755 0.0862111 0.778003 1.38488 -0.113918 -0.195072 1.07951 1.25961 -0.0333365 -0.828723 1.54387 1.75322 -0.515832 -0.507075 1.06438 -0.221903 -0.146725 0.380642 -0.161861 -0.23381 0.0031031 0.409449 -0.171323 -0.204013 -0.0152684 -0.298382 0.245942 -0.111248 -0.25898 -0.225022 0.963025 -0.630142 0.432531 -0.148751 -0.220569 -0.238582 0.410834 0.325514 -0.755923 -0.328448 0.142387 0.786044 -1.01262 -0.570777 0.237997 0.618738 -0.607306 -0.394648 -0.6505 -0.333819 0.290906 -0.0594678 -0.33145 -0.725472 -0.188831 -0.0782473 -0.544622 -0.857009 -0.560428 -0.419672 -0.735591 -0.567535 -0.374657
2:3.75853 0.108542 -0.428253 1.9862 2.83397 -0.462815 1.00487 1.81635 1.97584 0.361635 1.21615 2.51637 2.63838 1.68457 0.306867 1.79873 3.37753 1.08663 -0.158323 3.95637 3.60401 0.0604325 1.51166 4.07818 3.99808 0.0650938 1.48881 4.05834 4.85491 1.56567 0.0232402 3.94356 0.619318 3.47006 3.50832 0.880851 -0.035532 2.57488 2.84071 3.44051 -0.173138 1.83721 3.7124 2.90471 0.687535 2.5004 2.71988 2.44553 0.386502 2.69282 1.59409 -1.4065 -0.752089 3.08858 2.74984 -0.0297477 -0.223828 3.41859 3.02279 -0.144107 1.84406 3.30962 3.31408 -1.30371
1:0.78237 -0.438937 0.188263 1.78781 0.859868 -0.312872 -0.0514605 1.95942 2.19149 0.280759 -0.369838 0.741444 1.30273 -0.315784 -0.65507 0.56583 -0.562988 0.585553 1.44735 1.34457 -0.151194 0.320194 1.83659 0.560185 -0.104281 0.875824 0.751432 -0.440105 -0.254122 0.451804 -0.0196512 0.348529 -0.345671 -0.567868 0.30876 -0.201747 -0.311818 -0.079129 -0.106759 -0.498948 -0.0416204 0.597174 -0.470046 -0.456052 -0.484883 -0.372503 -0.431949 -0.635659 -0.353896 -0.731132 -0.435144 0.237704 -0.109101 -0.516471 -0.66997 -0.141133 0.0274897 -0.365525 -0.939687 -0.355071 -0.354766 -1.01765 -0.833667 -0.278025
2:0.318754 1.32017 1.79204 0.542968 0.771735 0.69806 1.95386 -0.406372 -0.0355045 1.72337 1.73713 -0.141593 -0.000100541 1.94532 1.44661 1.16576 0.900937 0.70967 0.955411 0.485256 0.817829 1.50129 -0.00863005 0.438491 0.940075 0.894299 0.423373 1.27764 0.679026 0.563466 1.50777 -0.0442592 1.608 1.35392 0.916667 0.729924 1.06489 0.444391 -0.0504436 1.58535 1.4693 0.0974137 -0.0405135 1.82253 1.52784 -0.0101353 1.05582 1.08227 0.85351 1.37713 1.07915 1.86543 1.20518 0.667679 2.10251 1.49749 1.45018 1.53353 2.03553 1.37567 1.18592 2.56999 1.2739 1.20457
0:-0.12546 2.66498 1.31726 0.423341 -0.177127 1.77285 2.20452 0.841184 -0.0463772 1.70746 3.14736 1.08656 0.38385 2.75507 2.75951 0.538807 0.565871 0.336242 -0.405513 -0.0831012 0.0846794 -0.0254167 -0.0202465 -0.0438639 -0.0135046 -0.192352 0.750728 -0.235754 0.189005 0.892708 0.769891 -0.517163 1.69922 -0.683892 -0.869875 0.749853 0.993671 -0.826195 -0.524516 0.662153 0.235077 -0.574107 -0.737403 1.52076 1.0589 -0.407841 -0.87065 1.73065 0.546429 0.697818 0.697912 -0.191856 0.296119 0.899826 0.0943131 -0.0364619 -0.255004 -0.0525511 0.596765 1.35067 0.621256 -0.299711 0.214009 1.38012
2:-0.283354 1.32613 1.66646 -0.926524 -0.340398 2.53639 -0.0798039 -0.607828 -0.761088 0.852116 0.75454 0.58643 -0.188279 0.598971 3.20573 -0.0669203 2.06892 0.555277 -0.208429 -0.134155 1.74505 0.465706 -0.386801 -0.19665 -0.150713 -0.260725 -0.0262607 0.617912 0.942153 0.238402 1.01378 -0.00933566 1.52852 1.01362 -0.0618561 1.97663 2.42065 0.0248434 0.0625352 0.421239 0.837268 -0.151911 1.03233 0.984401 1.19032 1.27277 0.492135 2.438 1.19726 2.14936 2.41299 1.53725 1.73414 2.15608 1.65334 0.700766 1.11513 1.45957 1.94778 1.18757 1.26835 1.58289 2.09511 2.16573
1:-0.324099 0.441595 1.13663 -0.766707 -0.197407 0.968863 -0.20043 -0.811008 -0.792127 0.679375 0.278991 -0.178726 -0.236302 -0.0104157 1.5804 -0.0151195 1.29656 0.299933 -0.608658 -0.0340812 0.79882 0.0321268 -0.862352 -0.160079 -0.27997 -0.626183 -0.0139599 -0.00797618 0.148312 -0.241589 0.445308 0.216629 0.449451 -0.41666 -0.612466 1.45909 1.12644 -0.52865 -1.07015 0.337149 0.46243 -0.938917 -0.686123 0.904003 -0.0477468 -0.691335 -0.554082 1.54334 -0.118714 0.461022 0.351784 -0.425666 -0.0745973 0.213311 -0.114765 -0.900661 -0.493295 -0.0702404 0.291395 -0.3245 -0.438697 -0.268456 0.533435 0.0838905
2:1.59128 1.21087 -1.10815 0.445455 1.47261 -0.668132 0.0530609 0.582275 0.822271 -0.594424 2.11686 0.60828 1.33764 1.10869 -0.110124 0.994927 0.778881 0.748589 0.968389 -0.153705 -0.305895 -0.0145088 3.13353 0.991301 -0.0501122 1.57488 2.71242 1.61237 1.60239 2.48261 0.0988728 0.852592 1.39477 1.51623 1.03447 -1.21544 -0.616819 1.96389 3.92644 0.891558 -0.255489 3.17209 2.89139 3.04846 3.00986 2.74707 1.17476 -0.0188099 1.43045 3.26738 -0.860215 -0.018426 -0.270493 -0.226385 1.79463 3.42614 1.29656 -0.0706978 4.27601 3.07284 2.8538 3.40659 1.2045 -0.0864582
2:1.45951 3.05529 4.96782 0.183041 1.01827 4.03778 2.86941 0.420973 1.05059 3.59348 2.03714 0.515263 1.30195 1.01103 3.55353 1.12862 1.95106 3.00947 3.07206 1.64434 2.33792 3.55811 3.82081 0.252962 2.23778 3.29886 3.63238 0.835827 2.4788 3.72373 4.36202 2.23657 3.44304 4.42094 4.63812 4.96188 4.73015 4.66579 4.39038 4.41537 4.54716 4.02121 5.10794 3.7378 3.76346 4.26898 5.06157 4.65453 3.32552 4.82621 5.02883 3.45101 3.22149 5.09714 4.29974 4.34686 3.62866 4.22724 4.49 3.48944 3.52182 3.65107 4.84161 2.90751
1:1.57112 1.28678 0.840062 1.56889 1.52904 0.368597 1.8426 1.28638 1.46137 1.33999 2.13584 1.42259 1.46437 2.40492 1.05383 1.36571 2.25837 0.33359 1.5182 0.58411 0.8845 0.246278 2.00848 1.35697 1.16818 1.34245 1.36318 1.70638 1.91501 0.458431 -0.00699739 2.12868 1.42004 1.13377 0.0207816 0.219462 0.190945 0.354811 0.453617 2.25399 0.320535 0.20306 0.490605 3.35325 2.11329 0.1886 0.452145 2.1421 0.27669 0.988667 -0.156475 -0.162628 -0.297451 -0.00560329 0.231688 0.222177 0.152778 -0.385723 1.22013 0.403246 0.265027 0.595111 0.373023 -0.353778
0:3.31597 -0.277644 -0.35727 1.03675 2.66741 -0.156545 -0.883482 1.04454 1.74107 -0.503711 -0.333588 0.957138 0.620483 -0.441252 -0.249804 0.807746 2.98139 0.575026 0.159465 4.86109 3.11638 0.226011 -0.248657 4.561 3.4538 -0.333739 -0.041581 3.84747 3.6998 -0.222234 0.0842814 3.78016 1.17624 2.94765 4.20884 0.251925 1.05863 2.45745 3.86715 0.138698 0.506305 2.34893 3.6334 0.939296 1.00369 2.00163 2.91706 2.21366 1.05269 2.90998 2.72641 -0.0878077 0.590433 4.07287 2.85467 -0.523321 -0.127418 4.33733 3.97407 0.0126396 0.816323 4.40112 4.30757 0.125107
0:0.575121 -0.553124 0.12785 1.72161 1.05523 0.219848 -0.573785 -0.0443002 0.69214 -0.189626 -0.85375 -0.00893188 -0.260269 -0.659536 -0.105014 1.0249 0.968127 0.49304 1.84512 -0.0229741 0.777884 1.34879 0.463376 -0.456349 0.260688 1.01047 -0.0699546 -0.00661771 -0.00276287 -0.393172 0.802994 1.2839 -0.125005 0.954179 0.434612 1.75048 0.416283 0.627686 -0.0890197 0.152292 0.0299714 -0.0299181 0.614926 0.238098 -0.14707 0.212456 1.13823 1.32905 0.233382 0.226109 0.0962996 0.598601 0.964522 0.290968 -0.208931 -0.14522 0.428372 -0.0908166 0.262608 -0.410112 -0.269122 -0.0657172 0.45389 0.146236
1:-0.824526 2.00996 0.447091 0.62814 -0.238727 0.697893 1.18835 -0.45983 -0.52018 0.0728783 2.39153 -0.827286 -0.878822 2.2885 2.30436 -0.370182 2.03181 -0.742065 -0.443776 0.0494045 1.64582 -0.388662 -0.839841 0.0093199 0.704941 -0.357547 -0.766076 -0.0573231 0.570706 -0.504048 -0.332444 -0.21486 0.709985 -0.57621 -0.561737 0.524304 0.360754 -0.781432 -0.984046 0.703365 -0.0833276 -0.833178 -1.2404 1.98162 0.460235 -0.955334 -0.842043 2.03332 -0.415054 0.743809 -0.114937 -0.56009 -0.336064 0.59463 -0.273484 -0.723488 -0.577024 -0.272549 0.371167 -0.404579 -0.382884 0.338713 0.740537 -0.251494
1:-0.206554 0.154036 -0.394302 -0.428818 -0.347683 0.25387 -0.937347 -0.498105 -0.355825 -0.931706 -0.441108 0.264295 -0.156061 -0.815565 -0.186947 0.215849 -0.127139 1.43006 1.18245 -0.484472 -0.213169 1.17325 0.85989 -0.403275 -0.328699 0.812867 1.03868 -0.258067 -0.00948942 0.363325 1.5258 0.205947 0.314145 2.35108 2.38078 0.453034 0.697151 2.89765 2.51761 -0.315189 0.619178 2.4624 2.96676 -0.039344 0.692906 2.68174 3.41258 0.568571 2.05865 3.1948 2.53746 1.97702 2.70553 3.16576 2.54989 1.6963 2.29524 3.13261 2.90557 1.12206 1.57943 2.2897 3.45474 1.58508
0:-0.950327 0.810266 -0.205181 -0.443045 -0.588646 0.16064 -0.851666 -1.18591 -1.28247 -0.547501 -0.218469 -0.817388 -1.09184 -0.60642 0.729599 0.899517 -0.229194 0.812352 -0.147339 -0.612628 0.125796 1.27655 -1.31179 -0.843737 -0.287768 -0.610085 -0.0678405 -1.07763 -0.626349 -0.656893 1.83307 -1.09292 0.0608437 -0.409054 -0.177698 0.853562 0.176145 -0.513347 -1.40738 0.893743 -0.168263 -1.06188 -1.25834 0.817293 -0.165583 -1.07656 -0.144188 1.10654 1.25015 0.280219 1.04135 0.301028 1.11475 1.19272 -0.0674395 -1.09011 -0.273819 1.58833 -0.0763627 -0.0254968 -0.31169 0.572341 0.723118 1.48191
1:1.2063 2.95853 1.68748 1.29821 1.12712 1.89943 2.21168 1.8741 2.10154 1.95294 3.28188 1.10163 2.06991 2.80299 2.78091 0.437122 1.43257 0.687612 0.903007 1.41814 1.3566 0.355999 1.83211 1.70955 1.54636 1.36033 1.71794 0.987315 1.25344 2.16095 0.794774 0.984496 3.59002 0.255915 1.47892 1.40923 2.38197 1.27341 2.3439 1.7936 2.24336 2.18309 0.94295 2.79156 3.53079 1.38691 0.442721 2.40215 1.71265 3.14272 2.2166 1.25844 0.848724 2.17757 2.80762 2.6363 1.32614 1.70506 2.96949 3.51783 2.23861 1.72282 2.40591 2.39082
0:1.32639 1.32227 0.5963 -0.0785247 0.847469 1.1127 0.0988324 0.0550584 -0.111182 -0.0389951 0.953546 2.17023 0.835384 -0.0146745 1.03087 2.41876 0.725614 1.96989 0.288496 -0.183387 0.458049 1.14229 -0.166306 -0.833187 -0.47028 0.0767251 1.24964 0.638731 0.175209 0.613389 1.95949 1.04284 0.323833 2.47185 0.190394 -0.127707 0.452311 1.27503 -0.11935 -0.721688 -0.408574 0.0512351 2.04402 -0.144189 -0.356531 0.597875 2.54408 0.5708 1.08287 2.24511 0.799759 0.58816 1.37389 2.52661 -0.200882 -0.339964 0.376384 -0.0590762 1.21692 -0.0287463 -0.0659349 0.921135 2.96912 0.385309
1:1.92155 2.1296 1.13128 2.37969 2.17756 0.628425 3.12088 2.54441 2.80785 1.96037 3.19196 1.83999 2.43392 2.94147 1.40127 1.49821 1.71827 2.22719 2.60557 3.06369 1.96253 1.53514 3.77762 3.65163 3.25128 3.13045 3.53909 2.32654 2.82587 3.22399 1.64369 2.01947 2.88252 2.52066 4.13322 0.968924 1.14029 2.9433 5.04541 3.59102 3.26685 4.80641 4.00467 3.0815 4.22986 3.73352 2.75296 0.720345 2.73322 1.67083 2.18944 2.95509 1.58174 1.31758 4.9666 5.05002 3.50942 3.91635 3.15065 4.76745 3.68064 4.06036 1.48589 1.60209
2:0.253798 1.05661 -0.298291 -1.51996 -0.397011 0.524861 -0.987024 -1.28851 -1.4935 -0.598708 0.382158 2.31289 -0.058804 -0.0479532 1.85332 1.31634 1.63681 1.86215 -0.777972 -0.0244675 2.20208 0.508994 -0.955127 -0.722495 -0.37425 -1.02675 0.979632 -0.0582139 -0.484982 -0.0235302 1.6143 0.59156 0.944224 1.02373 -0.120912 0.553911 0.946458 -0.131479 -0.919228 -0.57313 -0.221678 -0.889565 0.469937 0.555704 -0.262077 -0.331446 0.839022 1.78477 0.83816 1.17026 1.88463 -0.0424426 0.764095 2.12702 -0.256776 -0.712146 -0.432857 1.47953 -0.0129255 -0.00379033 -0.177276 -0.600994 1.98044 1.0238
1:4.28868 0.954088 -0.216072 1.25703 2.77453 -0.754616 3.21449 2.82026 2.80216 1.28998 3.22264 3.38232 4.48991 4.63594 0.0694938 -0.04656 4.47051 0.475326 0.614307 3.35361 3.40411 -0.171025 3.66931 3.82667 2.55841 1.81833 2.4378 5.04021 4.49637 2.07539 -0.468592 5.12724 2.53693 4.31703 3.61237 -0.223192 0.427243 3.49824 4.39006 3.33407 1.26284 3.27092 5.17893 4.69792 4.83529 3.10311 4.01963 2.66602 0.900788 5.63037 1.14576 -0.138919 -0.466582 3.98964 3.01068 2.9737 1.66844 2.13229 5.59693 2.12466 2.75602 5.00968 5.17206 -0.71593
0:2.52197 1.55514 3.52651 2.59918 2.14288 2.6008 3.23082 3.12883 2.73117 3.19925 2.01473 3.01849 2.44982 2.14834 2.6042 2.2536 2.22029 1.56073 1.93214 2.95052 2.5885 1.55975 2.19797 2.59224 2.67908 1.99291 1.76415 2.43338 2.29871 1.91711 1.65821 2.21591 1.15085 1.48399 1.77342 2.14346 1.71751 1.22132 1.93721 2.1217 2.00341 1.70504 1.92831 1.25952 1.22896 1.37945 1.40001 1.3715 0.853933 0.781781 1.13177 1.61045 0.994747 0.680828 1.62943 1.67157 1.41022 1.40686 0.864458 1.02071 1.15331 1.08505 0.551023 0.702222
1:0.384151 -0.313738 0.441846 0.375293 0.382228 -0.027559 0.980082 -0.00661513 -0.0307548 0.866841 -0.0714743 0.316319 0.530173 0.440863 -0.212394 0.948142 0.0165031 0.390394 0.322437 0.219106 0.49131 0.761393 0.0442879 -0.0100051 0.215077 0.314801 0.201568 0.108784 0.597068 0.106573 0.491263 0.588022 -0.312542 0.870494 0.266436 0.271478 -0.00254443 1.1322 -0.0171178 0.609244 0.547947 -0.00332228 0.584381 -0.105791 0.0906221 -0.0133471 1.32853 -0.318402 0.59794 0.364201 0.54492 0.644678 0.645421 0.200593 0.768281 0.306426 0.422956 0.561453 0.121823 -0.0179016 0.439895 0.674522 0.240814 0.0146893
1:0.218037 0.224399 -0.0685067 0.102795 0.247448 0.131932 0.0473426 -0.0410015 -0.0385212 0.0538966 0.0685737 0.423566 0.118873 0.361252 0.423746 0.542956 1.66702 0.821416 0.684385 0.989769 1.6872 0.856293 0.723476 0.687276 1.62782 0.532831 0.800203 0.602629 1.30425 0.725703 0.723815 0.818364 0.288943 0.612868 1.26021 1.61411 0.593373 0.278583 0.540654 1.9782 0.793172 0.395704 0.133322 1.86868 0.78226 0.0751396 0.4621 2.01631 0.54874 1.13908 1.70542 -0.00879646 0.548351 1.54104 1.44443 0.069014 0.380591 1.4056 1.21896 -0.00452948 0.37185 0.773725 1.65463 -0.00479061
1:-0.572433 0.970985 0.63303 -0.655257 -0.741486 -0.0566046 2.48024 -0.191009 -0.770416 0.979618 2.50537 -0.00356169 -0.324367 1.5016 0.616483 -0.316129 0.663655 0.275203 -0.636899 -0.491621 -0.09648 -0.313528 -0.0406198 -0.0586069 -0.386945 -0.155075 0.542021 0.219218 0.819297 0.396846 0.338936 -0.733542 0.816698 -0.394931 -0.754149 -0.0526913 -0.234497 -0.799055 -0.724445 1.77682 0.451761 -0.776879 -0.558185 1.65182 0.806351 -0.312856 -0.72331 -0.0010313 0.703445 0.582592 -0.165168 0.0532278 0.0703586 -0.121288 0.749598 1.0062 0.146161 0.0552432 0.903292 2.01833 1.15709 0.61301 0.434756 0.7452
1:-0.418252 0.565303 1.20687 -0.0382051 -0.203908 1.13806 -0.00310948 -0.0749448 -0.0536424 0.309894 0.538921 -0.396892 -0.364571 -0.0254892 1.12369 0.011338 -0.0569291 -0.0168326 0.725684 -0.610907 -0.347019 0.956517 -0.0307671 -0.107031 -0.317695 0.725488 -0.0523918 -0.0821732 0.176335 -0.191245 1.15221 -0.519083 0.969164 -0.209277 -0.400238 0.860159 0.794109 -0.478717 -0.223641 0.207843 0.248181 -0.221368 -0.238736 0.791895 0.277659 -0.115386 -0.440217 1.03027 0.613316 0.809611 0.747019 1.43838 1.35748 0.700113 0.401229 -0.00524454 0.554063 0.313092 0.68908 0.286299 0.00100017 0.460782 0.975866 1.38767
0:-0.655745 -0.169032 0.528133 -0.148218 -0.258343 0.762149 -0.514047 -0.766536 -0.432564 -0.192711 -0.544344 -0.871727 -1.08269 -0.663417 0.349841 -0.475191 -0.617758 -0.908001 -0.561272 -0.464645 -0.544417 -0.386791 -1.15518 -1.24943 -0.959029 -0.679837 -1.29173 -1.04076 -0.978115 -0.922358 -0.402534 -0.363309 -0.524848 -1.04341 -1.33188 -0.471893 -0.255739 -1.02961 -1.5679 -1.15258 -0.852063 -1.25472 -1.07413 -1.01035 -0.975323 -1.06002 -0.947461 -0.481377 -0.478306 -0.918221 -0.703254 -0.722802 -0.40163 -0.571626 -1.21026 -1.05242 -0.776294 -0.781243 -1.30675 -0.64007 -0.592686 -1.27344 -0.79168 -0.337673
1:-0.722714 0.86567 -0.0425868 -1.30193 -1.03032 1.95508 -0.778713 -0.733299 -0.87577 -0.354896 0.137853 -0.164604 -0.711779 -0.616877 1.9309 -0.457091 -0.111011 0.152413 -0.916268 -0.693735 -0.192162 -0.220243 -0.638449 -0.841939 -0.706511 -0.748173 0.0125512 -0.414688 -0.480631 -0.36224 0.412013 -0.720896 0.942137 -0.600896 -1.12071 0.88829 1.16262 -1.17584 -0.823863 -0.390328 -0.282988 -0.958849 -0.669688 -0.0166986 -0.297692 -0.439583 -0.864936 1.22401 0.378432 0.203774 0.00838894 -0.449863 0.034734 0.35723 -0.702161 -0.762409 -0.538591 -0.390792 -0.253311 0.0716357 -0.272441 -0.63396 0.722442 1.18916
1:1.56907 0.757374 -0.0407553 1.23245 1.77334 0.115262 0.114577 1.86283 1.34624 -0.00591229 0.442996 2.1335 1.89203 0.795401 0.441425 2.0595 2.29475 2.86943 1.76993 1.35292 2.17114 1.7594 2.17405 1.24998 1.4423 0.798957 2.78778 1.8427 1.03558 1.34186 1.86475 1.26944 0.180916 3.14942 2.9561 0.9084 0.867307 2.26767 2.17094 1.98331 0.773977 2.98795 2.83913 1.79481 1.40537 2.89572 3.85026 2.2951 2.95535 3.11139 3.23095 -0.0105784 2.0022 3.63062 2.67144 0.941093 1.51849 2.09418 3.39732 1.84486 2.35552 1.53453 2.97078 1.47065
2:1.81599 1.4634 1.78821 2.80962 1.87591 1.05597 1.92395 2.72233 2.52568 1.95314 1.88411 1.83551 2.06281 1.61728 1.85553 1.9943 2.62489 1.09432 2.59003 1.92552 2.11084 1.46774 2.79567 1.70557 2.29253 2.34406 1.84227 1.99377 1.68225 1.18838 1.20209 2.24337 2.09486 2.5721 3.29849 1.6966 1.49344 3.02645 3.01106 1.78748 2.11813 3.3099 2.70006 2.47694 2.38645 2.63852 3.02099 2.37547 1.60677 3.71139 3.21803 1.77452 1.34209 3.50978 3.34452 2.81559 2.30965 3.00338 3.82394 2.08112 1.83293 2.89721 3.79485 0.908983
1:1.53392 1.52945 2.25202 2.80185 1.87839 1.48138 3.41942 2.89797 2.77234 2.62964 2.4331 1.46276 2.30475 2.76875 1.48612 1.15836 1.3144 -0.00445065 1.77374 1.33329 0.798911 1.00734 2.15159 2.21332 1.75237 2.08971 0.588891 1.93977 1.53103 1.24654 0.478776 1.0391 1.21733 0.669926 1.03902 0.881849 0.797159 0.963427 1.46497 2.03549 1.54772 1.41864 0.722327 1.75676 2.14088 0.921406 0.627646 0.503044 0.413329 0.845154 0.576119 1.32257 0.769722 0.143478 1.4419 1.84844 1.2252 0.721627 1.35292 0.970461 1.03331 1.07126 0.466795 0.552593
2:-0.924492 -0.837723 -0.139737 -1.24206 -0.760355 0.0505337 -0.785723 -1.40371 -0.562745 -0.467541 -0.893214 -1.30964 -0.747176 -0.659306 -0.387955 -1.06103 -0.855285 -0.00344046 2.75441 -0.342234 -0.850118 1.62238 3.00613 0.29382 -0.401203 2.56522 1.41447 -0.0245997 -0.111649 1.97254 1.61747 0.087747 0.340032 1.59668 1.21365 -0.705338 0.776385 2.29459 4.46314 -0.954165 -0.575358 4.49789 3.63853 -0.400862 2.353 4.31347 2.08693 -0.897319 1.30317 0.85636 -0.830326 2.8931 2.35307 -0.642031 0.314802 3.71952 2.17525 -0.681144 1.23359 2.80869 2.58106 1.4024 -0.537292 1.89977
0:0.422089 0.467898 0.713974 -0.232106 -0.0124855 0.536608 0.429768 -0.517207 -0.496654 0.646901 0.711001 0.347318 -0.114529 0.597623 0.875108 0.532574 0.925121 0.330933 -0.00379338 -0.0121292 1.25167 0.278426 -0.0176009 0.0441378 0.38555 -0.00203632 -0.0023018 0.781592 0.952818 0.0882793 0.563738 0.516869 0.292364 1.01148 0.061336 0.0368899 0.247095 0.385342 0.110686 -0.00444593 -0.103318 0.117688 0.842624 0.74583 -0.0398026 0.827941 0.875689 0.841345 0.233631 1.08011 0.103372 -0.0420055 0.429367 0.899979 0.0799495 -0.254131 -0.0954754 0.439716 0.914417 -0.0917054 -0.112869 1.35841 1.27431 -0.0165679
0:-0.251212 1.13569 0.782635 0.274308 0.174878 1.16143 -0.428833 -0.488956 0.22633 0.206144 0.369685 -0.408006 -0.597504 -0.280643 1.05191 0.10611 -0.129264 -0.00680223 1.3977 -0.232404 0.166384 0.588498 -0.0561507 -0.893211 -0.372516 0.934241 -0.222683 -0.619626 -0.682012 -0.487565 0.694237 -0.155432 0.800524 -0.331356 -0.0703665 0.860359 0.925173 -0.283608 -0.822817 -0.384458 0.376301 -0.269906 -0.411883 -0.0469558 -0.337299 -0.461254 -0.02015 0.6836 0.587286 0.506951 0.406854 1.20717 1.11512 0.640738 -0.400317 -0.148147 0.176288 -0.0425498 -0.273071 0.245525 -0.116861 -0.594113 0.675324 1.31601
2:1.46895 0.959831 -1.47371 0.86883 1.46823 -0.841506 -0.163286 0.732253 1.05907 -0.965637 1.62985 1.2056 1.19357 1.16193 -0.102629 0.572193 1.59335 0.589715 -0.102022 0.412261 0.814724 -0.0568175 0.199606 0.912301 0.574096 -0.204302 1.50692 1.61366 1.29428 0.784461 -0.00163068 1.74468 0.630172 1.18334 1.72846 -1.08923 -0.386263 1.91305 1.3426 0.021897 -0.630847 1.6287 1.11613 2.18335 1.03253 0.460774 2.06015 0.273958 0.855654 1.49008 -0.335905 -0.214461 -0.0318431 0.468857 -0.0050226 -0.120234 -0.161028 -0.122373 1.07279 0.878247 0.769327 0.837201 1.06676 -0.0189257
0:1.23872 -0.109125 1.32607 2.40308 1.78935 -0.413202 3.38118 1.88462 1.12762 2.41898 2.01159 0.933008 -0.041776 1.99811 -0.163728 0.949334 2.96606 -0.290539 0.69497 2.77635 2.74978 -0.0373589 0.482841 2.86488 3.78049 1.62838 -0.640259 1.9966 3.27006 -0.343466 -0.673085 1.32753 -0.013414 0.743667 2.66324 1.28986 -0.219371 0.552699 1.11351 3.54204 1.30564 0.315671 -0.0452973 2.75037 0.423675 -0.0295113 0.874313 0.779258 -0.167219 2.85479 2.48155 1.04906 0.0907838 2.5853 3.84814 1.53653 2.04103 3.88578 3.36913 -0.157042 0.803102 4.04573 3.04129 -0.427498
1:2.4043 2.11802 2.38212 2.95065 2.63312 2.40906 2.66594 2.67689 2.50504 2.03845 2.32173 2.85832 2.4162 2.31517 2.6369 3.25051 2.85146 3.036 3.18554 2.41117 2.71822 3.0352 3.12285 2.21674 2.52572 2.57751 3.17733 2.29602 2.53543 2.60007 3.33259 2.85703 1.7107 3.51968 3.91255 2.07767 1.94007 4.42468 4.25651 1.75044 1.83439 4.18313 4.51421 1.95881 2.34578 4.22499 5.02 1.80549 3.98059 3.61109 3.24515 3.2908 3.41392 3.26831 2.7646 3.13856 3.12321 2.91372 3.36514 3.71056 2.97292 2.39557 3.20424 3.24177
0:1.24882 -0.126789 -0.480599 0.493179 0.603228 -0.590068 0.864211 0.906226 0.143574 0.260188 0.478173 1.82105 1.51485 0.804548 -0.446285 1.15844 0.0260943 0.348083 -0.546605 0.23691 -0.108797 -0.200021 0.53358 1.17708 0.463444 -0.650299 0.982974 0.525176 0.709169 0.195563 -0.113295 0.625165 -0.35821 0.784621 0.000479281 -0.438275 -0.616078 1.09853 0.892741 0.889123 -0.027295 0.649472 1.6284 0.280263 0.704089 1.32846 1.31271 -0.656332 0.388505 0.20317 0.338744 -0.571953 -0.345436 -0.234457 1.59023 0.367359 -0.0922972 1.07035 1.03802 0.49239 0.806588 0.754977 -0.0645678 -0.510886
2:1.42475 3.06245 2.24037 1.29756 1.33148 2.26191 2.29864 1.5367 0.89384 2.13477 3.16193 1.8166 1.22473 2.68812 3.31263 1.93935 3.57505 1.6169 1.26994 1.6321 2.76397 1.3439 1.45719 1.05074 2.18709 1.68662 2.21435 1.98031 2.51779 1.60111 2.2781 1.20484 2.86101 1.60269 1.22419 1.84915 1.63832 0.643633 0.622865 1.85882 1.46589 0.752414 0.618091 3.30373 2.10377 0.650234 1.17997 3.32252 1.77853 3.78684 -0.0417394 1.04835 1.07455 1.29717 1.10309 1.84311 1.35335 -0.0414236 3.81811 2.7928 1.77446 3.34769 3.07996 1.38027
2:1.36137 0.969199 -0.0692774 0.369306 0.941062 0.0167754 0.0607287 0.642511 0.687903 -0.049965 1.09434 1.05356 0.948597 0.682245 0.701394 0.693061 1.08727 1.0155 0.334527 1.16273 0.855011 0.242424 0.413588 0.999779 0.737472 0.245663 1.06971 1.1327 0.715678 0.684586 0.697517 1.10322 0.737906 0.999981 0.889309 -0.242208 0.0362259 0.801757 0.804509 0.0656433 -0.00995538 0.913621 1.27384 0.800149 0.757767 0.757365 1.18162 0.558894 0.80979 0.86429 0.172587 -0.0556976 0.322098 0.486503 0.277331 0.025542 0.0869896 0.41143 0.793373 0.801945 0.677068 0.599971 0.887828 0.446733
0:1.81799 2.18238 0.539191 1.02026 1.52953 0.475148 2.80965 1.25938 1.56089 1.76012 3.40245 1.15829 1.94915 3.6322 2.25195 0.891676 3.86306 -0.0162867 0.276373 2.57757 3.0245 -0.0350184 1.36579 3.00778 2.45735 0.638165 1.00738 3.10699 2.66629 1.38262 -0.066 2.71822 2.68132 2.2165 2.28451 1.23803 0.995587 1.33815 1.93543 3.51992 2.28777 1.17612 1.91966 4.83252 4.31885 0.869166 1.78054 3.20706 1.11203 4.52366 3.22479 -0.251744 -0.191007 3.97532 3.56031 1.67739 0.755414 3.39971 4.87483 2.29444 2.31902 3.97586 4.43917 0.0786171
1:0.660586 2.02619 2.2214 1.10008 0.818463 2.16566 1.81252 0.773807 0.799433 1.74092 2.27889 0.537147 0.417986 2.01676 2.8669 0.833236 2.69195 1.11069 1.52995 0.624961 1.7823 1.52245 1.08644 0.577968 1.32477 1.57703 1.21769 1.72703 1.72133 1.08536 1.85864 1.18087 2.4323 1.35128 0.935277 2.49442 2.53034 0.747868 0.860622 2.16209 1.87969 0.665563 0.613383 2.9024 2.04822 0.569724 0.947006 3.29464 1.41182 3.05653 1.82043 1.77199 1.59137 1.9657 1.82824 1.46585 1.42269 0.990693 2.94726 1.45142 1.27631 2.10056 2.91283 1.9453
1:0.909937 1.48919 1.96165 0.154881 0.460205 1.76387 0.809787 -0.0309363 0.499733 1.18612 0.690281 0.57202 0.53961 0.332197 1.68752 1.12342 0.552249 1.44852 1.94523 -0.0578436 -0.0169885 2.2116 0.607742 0.292984 0.305533 1.18272 0.992249 0.744074 0.399223 -0.00732033 2.10941 0.303237 0.771683 -0.0640606 -0.37884 2.25197 1.61106 -0.494449 -0.517471 1.64256 1.28075 -0.567298 -0.455696 0.801626 0.240623 -0.380618 -0.229214 1.31854 0.678885 -0.395218 -0.0180474 1.10948 0.487815 -0.14666 -0.381868 -0.36453 -0.00102725 -0.383911 -0.349028 0.131635 -0.3609 -0.580296 -0.341924 1.39767
0:-0.229519 0.0492747 0.502168 -0.558256 -0.22317 0.477932 1.51282 0.225383 -0.429728 1.00993 1.30635 1.26806 -0.047841 1.46856 1.13336 -1.08957e-05 2.64447 -0.00632221 -0.451975 -0.217496 1.21532 -0.0840601 0.0990418 -0.0994649 -0.180926 -0.0307784 0.0519345 1.26238 1.63156 0.836032 -0.0364701 0.239559 -0.00900002 0.216076 -0.690745 0.528802 0.0199932 -0.62952 -0.455385 1.50047 -0.0170616 -0.836275 0.0531388 1.85603 0.852257 0.138442 -0.29216 0.961872 0.254122 1.90829 0.143392 -0.0604491 0.245703 0.82407 0.651797 0.403396 0.203499 0.0734833 1.88614 0.144376 0.917948 1.1962 1.67284 -0.0179533
1:-1.44272 -0.560578 1.07041 -0.966972 -0.831256 1.42097 -1.29683 -1.58003 -1.26415 -0.486311 -1.19953 -1.49015 -1.45268 -1.0472 1.322 -0.353376 -1.08706 -0.568069 -0.570808 -0.387467 -0.364314 0.731332 -1.61339 -1.52713 -1.0265 -0.839727 -1.39497 -1.64344 -1.33535 -1.26531 0.864849 -1.22096 -0.575411 -1.3873 -1.26842 1.42506 1.38225 -1.19455 -1.93084 -1.02953 -0.146886 -1.77649 -1.93279 -1.08838 -0.955698 -1.54912 -1.33271 0.583556 -0.311832 -0.768728 0.310389 0.461211 0.693181 0.333609 -1.12035 -1.46815 -0.809276 -0.564185 -1.3435 -1.24009 -0.962451 -1.29843 -0.0990616 0.988156
0:1.09266 0.222677 0.360182 0.113454 0.173457 -0.207394 0.799555 -0.0669117 -0.0686758 0.646957 0.308913 0.848167 0.048121 0.461107 -0.206396 1.22359 0.384232 0.962682 0.094454 -0.00494292 -0.0759511 0.211893 0.584208 0.232316 0.201374 0.0629674 1.25041 0.692903 0.304893 0.0838093 0.793974 0.25569 0.131262 0.800488 0.259207 -0.019356 -0.361849 0.418688 -0.192838 1.12301 0.180713 -0.0790713 0.4141 0.443704 0.478186 -0.0782909 0.717146 -0.278717 0.181687 -0.214084 -0.486495 -0.337178 -0.302502 -0.495607 0.109504 0.291759 -0.11103 -0.338112 -0.0523888 0.397995 0.242002 -0.0235495 -0.330571 -0.311243
2:-1.22777 -1.09319 -0.852175 -1.05263 -1.0393 -0.897054 -1.03405 -0.746266 -0.525899 -0.738497 -1.2507 -1.33115 -0.834846 -1.23876 -1.0276 -1.57089 -0.557414 -0.327275 -0.581357 -0.345797 -0.377321 -0.546856 -0.470965 -0.875696 -0.644568 -0.549364 -0.298086 -0.78113 -0.633139 -0.315772 -0.5646 -0.318263 -0.39803 -0.223275 -0.138179 -0.568183 -0.451782 0.123021 -0.503538 -0.875445 -0.593834 -0.286934 -0.040433 -0.692082 -0.701924 -0.239877 0.137577 -0.540696 -0.0897401 -0.291859 -0.153991 -0.269363 -0.258347 0.184637 -0.792034 -0.23502 -0.246835 -0.444194 -0.688985 0.133338 -0.128535 -0.902643 0.240477 -0.389164
2:3.90843 3.5777 1.43523 2.20078 2.78608 3.24624 0.500364 3.61011 3.28697 0.938452 2.81573 3.96909 3.84418 2.01403 4.38054 2.74094 2.75688 2.16622 1.58719 2.02516 1.72142 1.34818 1.97537 2.81018 1.76302 0.802887 2.60279 3.85467 2.24467 1.68858 2.20869 2.38514 3.11505 3.12395 2.67508 0.318902 2.30649 1.87214 3.57572 -0.0908002 0.73479 3.03086 3.85852 1.75783 2.14112 3.3213 2.55281 2.81894 2.03707 2.20716 0.768976 1.16091 1.35414 1.74009 0.735661 1.06917 1.02797 1.32369 2.1477 2.06719 1.48159 2.30636 2.6236 2.1678
1:0.582675 1.52834 -0.351125 -0.328111 -0.0631318 -0.0725624 -0.251249 -0.287953 -0.25294 -0.462618 1.16007 1.27073 0.222829 -0.00631157 0.514275 0.756378 -0.412722 1.60903 0.574439 -0.473602 -0.474076 0.61458 0.660816 -0.372481 -0.347015 0.345092 2.19334 -0.327602 -0.355971 0.968166 1.56484 -0.391965 1.00603 0.143768 0.108249 -0.577148 -0.105379 -0.109323 -0.100495 -0.372683 -0.735925 0.594586 0.456233 0.430185 -0.0366445 0.328771 0.575734 -0.00197181 1.08261 0.281788 -0.80931 0.240834 0.275496 -0.383326 -0.55921 0.451474 0.573852 -0.548973 -0.0095072 0.996631 0.777827 -0.0917521 -0.132426 0.220679
1:1.594 0.678749 2.01836 2.3306 1.87399 1.36761 1.48301 1.88338 1.8941 1.97459 1.0765 1.70715 1.37379 1.46168 1.62424 1.79857 2.60303 1.21283 2.35504 1.91801 2.49688 1.57857 1.63758 1.76298 2.15095 1.73991 1.08336 1.99381 2.12303 0.425678 1.32229 2.22115 1.09889 2.32447 2.3672 2.22925 1.79054 2.28693 2.08261 2.01035 1.93111 2.05347 2.22043 1.93152 1.67761 1.95249 2.71345 2.2398 1.4023 2.75956 2.71157 2.02473 1.77701 2.647 2.38765 1.45484 2.02434 2.30559 2.64349 0.730165 1.13068 2.26767 2.85229 1.01516
2:3.33578 2.37557 4.17255 4.87143 4.0001 2.9208 4.27882 3.25037 3.60354 3.97478 3.22502 2.86783 2.24725 3.17247 2.51974 4.5237 2.40871 2.63429 3.77737 2.65288 2.64193 3.15025 2.98466 2.01124 2.93891 3.08138 2.45189 1.66063 2.44133 1.96034 3.35739 3.02123 1.67115 2.54207 3.21484 3.22828 2.16704 3.10104 2.38603 3.65712 2.94763 2.58093 2.86891 2.61361 2.77533 1.81915 3.35196 1.95859 1.73078 3.51143 3.65547 1.86543 2.02678 3.23822 4.04802 1.96809 2.13745 4.08713 3.4877 1.35919 1.76469 3.05579 3.47678 1.01257
0:-0.081168 0.210086 -0.560228 -0.524783 -0.24949 -0.256299 -0.203945 -0.214659 -0.332906 -0.381856 0.25188 0.0976186 0.224329 0.30364 -0.0418413 -0.0665956 -0.19599 -0.207519 -0.539119 -0.340905 -0.408391 -0.285755 -0.312041 -0.312752 -0.277572 -0.337793 -0.175453 -0.169105 -0.117085 -0.154082 -0.197964 -0.250907 0.447397 -0.488281 -0.912841 -0.00623503 -0.00896592 -0.814968 -0.665064 -0.0594616 -0.258875 -0.747137 -0.574026 0.833191 0.413792 -0.419859 -0.688407 0.671599 -0.346839 -0.156083 -0.657285 -0.718776 -0.461437 -0.47262 -0.521545 -0.542628 -0.554362 -0.676164 -0.233542 -0.27107 -0.280195 -0.465524 -0.452229 -0.346895
0:0.962522 1.5228 2.62528 1.33689 1.18849 1.88995 1.55701 0.830234 0.881823 1.33005 1.42578 1.36083 0.690725 0.353803 1.8551 2.17132 0.980376 1.60017 1.55387 1.0898 1.12858 1.79952 0.905454 0.775398 1.11896 1.23975 1.21291 0.460645 0.800403 0.889252 2.1309 0.728579 0.617283 1.07566 1.57872 1.4982 0.758476 1.37414 1.48043 1.02923 0.96622 1.21248 1.32268 0.532465 0.0104692 0.821049 1.50641 0.81312 0.946204 1.23485 0.946449 0.632259 0.836342 1.40273 0.858295 0.307481 0.584815 1.29025 1.02084 0.312198 0.599283 1.30288 1.3941 0.394228
1:1.41106 2.26364 1.85702 0.911683 1.54853 2.54133 0.231934 -0.0104336 0.35501 0.840018 0.917888 1.15562 0.557197 0.554844 2.73952 2.40928 1.10732 1.54154 0.981205 0.751233 1.2836 1.70502 0.00221586 0.538909 0.90385 0.632681 1.29687 0.553276 0.585245 0.197204 2.34968 0.656966 1.10004 0.58906 0.202522 1.89808 1.40712 0.235267 -0.188194 0.9931 0.966774 -0.221411 -0.0881154 0.716481 0.356009 -0.199034 0.627464 1.44534 1.03673 0.227096 0.605179 0.406221 0.827939 0.244631 0.0881222 -0.0383706 0.0275525 0.264967 0.150448 0.727035 0.154907 -0.110195 0.504644 1.2037
0:2.75729 1.05157 0.741549 2.95971 3.04068 0.853421 1.12847 3.13421 3.01949 0.61872 1.39167 2.5474 3.18832 1.13061 0.966553 2.41038 0.505792 1.0644 1.8919 0.866544 0.79477 1.08594 2.21114 0.982109 0.613151 1.46533 1.45646 1.38016 0.438706 1.27252 1.02063 2.46001 0.760676 0.984736 0.523754 -0.164194 0.440155 1.63626 0.631873 0.328552 -0.126953 1.1459 1.17294 0.371698 1.2429 1.11689 1.69592 -0.0667828 0.246431 0.620412 0.00408626 0.382473 0.155289 -0.204585 -0.291886 1.41692 0.642456 -0.492723 -0.0314605 0.64693 0.647631 -0.345949 -0.278075 0.308834
1:-1.43387 1.37393 0.434978 -1.30338 -1.54222 0.453847 -0.180789 -1.23215 -1.22263 -0.521325 1.18165 -1.20313 -0.985728 -0.272385 0.725502 -1.33539 -0.732849 -0.415767 -0.906178 -1.0392 -0.683376 -0.398807 -0.753122 -0.709913 -0.711173 -0.642417 -0.0948468 -1.10842 -0.770744 -0.235074 0.845107 -1.35325 1.07087 -1.08737 -1.15016 -0.0865969 0.177006 -1.2736 -1.21005 -0.46702 -0.474495 -1.15131 -1.47929 0.767851 -0.23118 -1.07353 -1.34158 0.538007 0.182256 0.294592 -0.380336 -0.0665278 0.535697 -0.248989 -0.162527 -0.0999878 -0.212263 -0.256578 -0.0408384 1.00289 0.046968 -0.203346 -0.246204 1.31158
0:-0.168179 0.0721575 -0.653954 -0.0632756 -0.138226 -0.458444 -0.0812667 -0.189531 -0.305152 -0.629854 -0.282067 0.333653 -0.158529 0.43871 -0.273394 0.228059 -0.195842 -0.345105 -0.711672 -0.504997 -0.424045 -0.452393 -0.748455 0.015932 -0.338281 -0.658329 -0.139812 -0.11578 -0.200219 -0.14646 -0.330405 -0.473208 -0.541801 -0.469028 -0.663186 -0.867708 -0.560822 -0.598226 -0.601006 -0.60117 -0.627469 -0.468138 -0.635456 -0.176651 -0.210625 -0.534308 -0.579753 -0.53926 0.120427 0.140789 -0.193396 -0.343681 0.040506 -0.349909 -0.0103932 -0.141987 -0.270931 -0.105971 0.0981162 0.166385 -0.177875 -0.238952 -0.308719 -0.00833467
0:1.57725 2.5719 1.24518 -0.193157 0.589027 1.83331 -0.0955483 0.77992 0.608099 1.16796 2.0355 2.06912 1.96027 0.323954 2.80682 0.995931 0.999981 1.03526 0.377639 1.08879 1.3096 0.6757 0.672313 -0.00304875 0.0768199 0.344283 0.736692 0.251221 -0.0827574 0.996912 0.802606 0.980996 1.65843 0.387958 0.173032 0.942689 1.06688 -0.0275848 -0.0130396 -0.134516 0.515711 -0.0933459 0.550602 0.479611 0.570708 0.596413 0.430993 1.28433 0.596258 0.709868 0.824569 0.674842 0.584552 1.38442 -0.0779807 -0.0325063 0.398298 0.759064 0.114949 0.286026 0.112253 -0.215154 1.35267 0.893534
1:-0.662103 1.05173 2.13665 -0.00305736 -0.228711 1.27625 1.54114 -0.800421 -0.515048 1.59883 0.926513 -0.890423 -0.769507 0.829031 1.63044 0.209699 -0.0275186 -0.216644 0.037443 0.331634 0.692253 0.644363 -0.655024 -0.138251 -0.135605 -0.0611608 -0.613141 -0.587306 -0.509266 -0.602144 0.53968 -0.323513 0.763533 -0.664239 -0.48148 1.40289 0.997093 -0.424612 -1.29122 0.835095 1.00991 -0.933362 -1.3478 0.809344 0.517456 -1.06278 -0.469422 1.04604 -0.0485647 0.187161 0.712263 0.592299 0.103774 0.269846 0.314365 -0.340903 -0.065062 -0.00872399 -0.00829632 -0.130703 -0.259251 -0.318909 0.245077 0.666664
0:-0.701919 0.183233 -0.804347 -0.849723 -0.77759 -0.553952 -0.205858 -0.200136 -0.511929 -0.567222 0.399369 -0.391556 -0.261059 0.139932 -0.216423 -0.725841 -0.31611 -0.606602 -0.973795 -0.918694 -0.812436 -0.797529 -0.417359 -0.241341 -0.593612 -0.608118 -0.253223 -0.266256 -0.217582 -0.0133641 -0.584557 -0.885847 0.175429 -0.798973 -1.18076 -0.874783 -0.566939 -1.16559 -0.301603 -0.0135838 -0.532447 -0.438607 -0.723502 1.32301 0.519244 -0.163329 -1.09188 -0.299052 -0.0386415 0.720735 -0.921465 -0.68687 -0.419842 -0.71629 0.313466 0.402211 -0.221208 -0.525451 1.19328 1.06047 0.853091 0.710588 -0.309658 -0.146049
2:1.64306 0.625378 0.755973 1.63907 1.77665 1.28656 0.732037 1.35149 1.81605 0.692428 0.629211 0.916705 1.38148 0.686343 1.01706 1.2023 1.13673 0.366749 1.48876 1.92361 1.36142 0.652719 1.66264 1.75217 1.48377 1.01366 0.70538 1.47903 1.1216 0.419172 0.283896 2.43293 0.737526 2.41808 3.76113 0.789573 1.25198 4.37684 4.2915 0.333231 1.3656 4.1073 3.19523 0.38462 1.61391 2.93004 3.69964 0.683007 1.02109 2.62143 3.2473 1.10428 1.07503 3.10915 3.02707 2.27717 1.75567 2.9907 2.6625 0.871556 1.70828 2.3615 3.05779 0.466054
1:1.13136 2.06901 2.86059 1.9535 2.07013 2.34387 1.06374 -0.0553159 0.455036 1.73226 1.47936 0.488997 -0.0424812 1.01259 2.67692 3.07694 1.94205 1.97875 2.56208 1.56092 2.48814 3.12395 0.0564401 1.04937 1.966 1.35679 0.955976 0.653399 1.02457 0.266456 3.33194 1.477 1.75222 1.34316 2.25291 2.72195 2.16895 1.87223 0.42536 1.79716 1.61436 0.682314 0.313425 1.4648 0.936907 0.330688 2.54178 2.41205 2.07545 2.20124 3.51607 2.53143 2.76106 3.18797 2.32311 0.375358 1.54256 3.08146 1.56758 1.18213 0.932766 1.74246 2.57121 2.77841
1:4.23841 -0.0064497 4.22056 5.19742 4.62169 1.51689 4.06278 3.82193 5.14585 4.13448 1.56537 2.50202 3.38191 2.78358 0.728034 3.6695 3.10216 1.60421 5.59043 4.23185 3.65563 3.66311 4.52036 3.6217 4.16177 5.0118 1.46313 4.24685 4.57181 2.01389 2.06349 4.65775 1.45985 5.07509 5.46561 2.80252 2.1693 5.04884 4.30593 3.51527 3.76741 4.40704 4.27389 2.12231 2.55912 3.50966 5.42069 1.43983 0.996596 3.54622 2.50325 4.67905 2.67367 3.23302 3.90031 4.39298 4.37214 4.25143 3.55554 0.673772 2.45438 4.78067 3.83976 -0.0309391
1:-0.622071 1.14007 0.946921 1.37984 -0.499456 0.224251 1.54524 0.191151 -0.376801 0.347694 0.959573 0.182426 -0.267277 0.889098 0.605213 0.901976 -0.847507 1.27289 -0.0536984 -0.066958 -0.2863 1.12577 0.0642456 0.0702226 1.52183 0.124272 1.13136 -0.906476 -0.391039 0.818551 1.59345 -1.491 0.00784874 -1.0468 -0.363511 0.616175 -0.0556428 -0.929993 -0.556249 1.63969 -0.0531603 -0.442458 -1.1775 -0.047124 0.00378692 -0.657695 -0.779336 -0.180592 1.00025 -0.339805 0.646398 0.0771253 0.643227 0.166328 1.46265 -0.000665236 0.319267 1.13018 -0.076242 1.01369 1.31733 0.796241 -0.438325 0.526275
0:2.35631 0.148365 -0.220095 0.95927 1.51071 0.103987 0.17466 2.78277 1.94588 0.138301 0.258971 2.67416 3.78532 -0.0126807 0.17124 0.64384 0.265316 0.637572 -0.24735 1.34058 0.650952 -0.0991956 1.48437 1.55115 0.852293 -0.0113045 1.14268 1.31891 1.71339 1.92451 -0.0109988 1.79814 -0.141316 0.731342 0.250182 -0.232745 0.22959 1.06481 2.73572 -0.307716 -0.0694399 1.36553 2.8053 -0.400832 -0.125407 3.43319 0.558837 -0.0608776 -0.0106001 -0.401985 -0.464836 -0.483969 -0.260486 -0.173409 -0.593395 0.110771 -0.225167 -0.462748 -0.728077 0.128194 0.801426 -0.496273 -0.241435 -0.416015
1:-1.58327 -0.374768 -0.0398431 -1.32616 -1.47785 0.742144 -1.22506 -1.55256 -1.83938 -0.456997 -0.742526 -1.53666 -1.65913 -0.851033 0.782445 -1.37329 -0.259928 -0.890265 -1.1818 -0.189207 -0.0232781 -0.35356 -1.93504 -0.654925 -0.14173 -1.39445 -1.53194 -0.944026 -0.476515 -1.2232 -0.288333 -1.10693 -0.169867 -0.740263 -0.563671 0.852509 0.558466 -1.05203 -1.21332 -0.230781 -0.119739 -1.12011 -1.44328 -0.187743 -0.306065 -1.1979 -1.13494 1.52217 -0.285458 0.297696 1.32876 -0.301538 -0.000993419 1.25547 0.502001 -1.39157 -0.581882 0.985197 0.458404 -0.85169 -0.606873 0.980654 0.850374 0.478981
1:-0.507041 -0.188095 -0.931706 -0.801581 -0.788051 -0.674878 -1.12064 -1.23313 -0.867921 -1.06132 -0.354495 -0.376511 -0.783182 -0.671878 -0.45566 -0.451945 -0.669715 0.32661 -0.14319 -0.955127 -0.890149 -0.0103301 -0.629672 -1.22596 -0.791739 -0.370508 0.168059 -1.0934 -1.13262 -0.444321 0.464422 -0.856689 -0.123436 -0.686535 -0.57762 -0.17676 -0.0775564 -0.40768 -0.896329 -0.555583 -0.36726 -0.480897 -0.962477 -0.186625 -0.400609 -0.757455 -0.432118 -0.071883 -0.00461559 -0.0622996 -0.122603 0.295256 0.180853 -0.110301 -0.43624 -0.242506 -0.0348984 -0.386003 -0.275345 -0.247027 -0.312297 -0.628543 -0.272765 0.337463
0:1.0779 -0.13335 1.86883 0.894201 0.660628 1.03719 1.69765 1.31851 1.15316 2.57682 -0.0723962 1.06314 1.0332 0.350711 0.450249 0.194221 1.61225 0.0986263 0.384023 2.46908 1.97952 -0.0715454 0.828936 1.15761 1.78271 0.798999 0.263151 0.953036 1.48656 0.560686 -0.196594 1.70111 -0.0429927 0.479578 0.670888 2.15063 0.94745 0.0615546 0.371424 1.64726 1.55848 0.0359628 0.374357 -0.0190532 -0.0140013 -0.105015 0.128157 1.28262 -0.157103 0.155147 0.964664 0.231444 -0.00867341 0.808799 0.0302608 -0.0275043 0.482168 0.369799 -0.0407793 -0.121627 -0.247633 -0.322027 0.608838 -0.211261
2:-0.350451 -0.44083 -0.963546 -0.508368 -0.420361 -0.816207 -0.60519 -0.310774 -0.224066 -0.816789 -0.412149 -0.338684 -0.247257 -0.426022 -0.727774 -0.494611 -0.736073 -0.411836 -0.4703 -0.46684 -0.7258 -0.688784 0.341315 -0.504997 -0.664941 -0.290854 0.109224 -0.601973 -0.54011 0.0815748 -0.667024 -0.483868 -0.215576 -0.725182 -0.655525 -1.13065 -0.765979 -0.491783 -0.449912 -0.350244 -0.684667 -0.23544 -0.442453 -0.108451 -0.0568632 -0.495053 -0.567454 -0.841842 -0.196666 -0.679397 -0.975629 -0.536587 -0.481171 -0.739996 -0.725293 -0.140397 -0.415173 -0.826376 -0.771513 0.421786 -0.106739 -0.7715 -0.915316 -0.403778
1:-0.0537237 0.464692 -0.154824 -0.202674 -0.0809606 -0.189723 0.213999 -0.138351 -0.126642 -0.0377438 0.819515 -0.116173 -0.14906 0.775604 0.322433 -0.0735229 0.457016 -0.294143 -0.0126428 -0.245026 0.0410166 -0.335666 0.24832 0.172444 -0.126126 -0.00265372 -0.158431 0.30971 0.0670178 -0.0345434 -0.342924 0.168384 0.94718 -0.124092 -0.311505 -0.125105 -0.0185156 -0.557656 -0.59645 0.905628 -0.173049 -0.495136 -0.598117 1.91069 0.848928 -0.566698 -0.437306 1.15064 -0.280517 0.139807 -0.61351 -0.54303 -0.44342 -0.506347 -0.512117 -0.552222 -0.379302 -0.666317 -0.167574 -0.180843 -0.26362 -0.403954 -0.2735 -0.354828
2:-0.118236 0.525612 -0.128301 0.574844 0.119147 -0.179941 -0.0445028 -0.000259256 -0.0638876 -0.158624 0.391734 0.0207977 0.127354 0.0227594 -0.00147241 0.678555 -0.281201 0.17507 0.263982 -0.614905 -0.410581 0.151784 -0.137315 -0.490942 -0.566728 -0.0854623 0.24851 -0.140294 -0.489382 -0.0730954 0.479022 -0.389917 -0.00324216 -0.187707 -0.483138 -0.424691 -0.316567 -0.173567 -0.570377 -0.383277 -0.361349 -0.419662 -0.360779 -0.00612285 -0.171582 -0.3905 -0.0971046 -0.358558 -0.0860324 -0.310898 -0.670716 -0.188432 -0.201241 -0.540658 -0.599041 -0.27728 -0.196877 -0.602857 -0.346823 -0.022559 -0.151908 -0.423616 -0.537833 -0.158676
2:3.49592 2.74171 4.50359 3.73704 4.45332 3.51964 4.63776 3.15037 3.82681 3.88913 2.93749 3.22182 4.26529 2.23758 2.05102 4.36678 -0.387085 4.21755 5.18298 1.45723 -0.129179 5.05822 4.49563 1.76881 -0.187419 3.96816 4.6794 1.07203 -0.224467 4.13529 5.73015 1.35595 2.52334 2.6165 1.69881 2.01846 4.13246 3.52785 2.14728 1.90346 5.25347 2.80518 2.60266 -0.275636 3.86391 3.10253 3.5404 -0.51401 3.07381 -0.110145 1.82303 5.44302 3.38704 -0.0646733 1.25533 5.39875 3.53416 0.303607 -0.0938369 4.36948 2.97182 0.356767 -0.285447 4.18076
2:-1.40904 -0.0348979 -1.50278 -2.11515 -1.42347 -0.395821 -2.04008 -1.89295 -1.46323 -1.69852 -0.863396 -1.52719 -1.26994 -1.35749 0.0503658 -1.58429 -0.212326 0.826303 0.215164 -0.272796 -0.0775208 0.0472477 0.454074 -1.00197 -0.429877 -0.0355746 1.10161 -0.796865 -0.411324 0.947873 1.2003 0.2674 2.61029 2.05518 3.09 0.56953 2.75598 3.50948 3.26143 -0.546579 1.01337 3.55087 3.15888 0.314621 1.59204 2.86537 3.40489 2.00398 2.9893 3.79181 3.70792 3.35841 3.15514 4.3126 2.34662 3.09068 2.74013 2.51566 3.10781 3.67899 2.69444 2.20918 4.17162 4.03499
2:3.8404 0.707922 0.68158 2.77276 3.32388 0.648382 1.03839 2.3221 2.9604 0.955665 0.948827 2.23574 3.27904 0.892228 0.366946 2.35661 1.23549 2.11282 2.53079 2.31706 1.1755 1.85933 1.9718 2.97517 1.7256 1.72926 2.38137 3.07843 2.36435 1.56421 2.48421 3.49841 0.598876 3.2462 2.99751 0.521332 0.677216 4.31752 3.86276 0.752971 1.05851 3.74251 4.72229 0.285899 1.17881 3.39368 4.2863 -0.0189675 1.47934 0.331391 0.454779 1.81567 1.51831 0.101218 0.884792 1.65981 1.73923 0.770282 0.695437 1.1224 1.28243 1.24592 0.472609 0.559479
0:2.81235 2.79442 2.01107 1.68496 2.23154 2.24121 2.48238 2.6058 2.13104 1.7935 2.69744 3.40498 3.40576 1.9367 2.28194 2.93964 -0.0238701 3.28432 1.7941 0.921073 0.556455 2.4772 2.16186 1.39133 0.820262 1.48386 3.47712 0.530809 0.802856 2.85503 3.5161 0.815016 1.89281 -0.109845 0.423665 1.30753 1.55651 0.0560573 -0.0261671 1.45389 1.377 0.288508 -0.114667 1.00631 1.59111 -0.0700578 0.131044 0.842471 0.645899 0.0506389 1.59888 0.676071 0.800882 1.15717 0.87389 -0.00652311 0.344629 1.61948 -0.0314231 0.544059 0.284961 -0.0590383 0.858856 1.20083
1:0.938363 1.00643 -0.0439273 1.46524 1.30445 0.574594 -0.489201 0.0583207 0.912578 -0.361815 0.516111 0.0743333 -0.00252209 -0.22378 0.739316 1.48188 0.882225 1.87207 1.92964 0.51479 0.759305 1.75085 0.822194 -0.00779525 0.997013 0.815717 1.48623 0.361399 0.52339 0.7191 2.23314 1.30155 1.56087 2.92402 3.54634 0.250695 0.558394 3.34321 2.58368 0.833416 0.468783 2.85172 2.77593 1.76319 1.60585 1.69293 3.77879 1.12023 2.68478 3.34572 1.51505 1.25238 1.79103 2.2992 3.32537 1.58877 1.6429 2.79233 3.88142 2.44202 2.00382 3.69236 3.1667 1.50746
1:0.5377 -0.0873228 -0.309804 -0.182469 -0.00989516 -0.0132239 -0.355566 0.35727 -0.0321394 -0.352499 -0.170604 1.32155 1.13522 -0.404926 -0.366093 0.863482 -0.687154 2.34911 0.4523 -0.0886966 -0.390491 1.06903 0.799045 0.62738 -0.0932641 0.112817 2.29698 -0.507274 -0.100393 1.23045 1.86672 -0.279839 0.316243 0.0576624 0.778154 -0.303563 -0.233761 1.16691 1.43985 -0.222288 -0.0175952 1.42443 1.69871 -0.392906 -0.175667 1.59852 1.50234 -0.526606 1.98359 -0.544794 -0.0792776 0.643006 1.01883 -0.318762 0.0917624 1.21496 0.611409 0.655573 -0.557433 1.95678 1.3482 -0.629105 -0.475078 1.5987
0:1.26447 -0.168507 0.247638 1.73247 1.47709 -0.213833 0.288399 1.37331 0.811229 0.0507744 -0.0129142 1.55539 0.496596 0.156947 -0.197455 1.55573 0.644152 -0.231562 0.0518886 1.67508 1.20785 -0.0335565 -0.0771104 1.16356 0.903178 -0.0315426 -0.289488 0.626748 0.618444 -0.249592 -0.209892 0.988797 -0.313184 0.0470773 0.731695 -0.240747 -0.179852 0.293115 0.0944054 -0.380842 -0.135004 0.351624 -0.179356 -0.177978 -0.159135 0.017923 0.212337 -0.0633296 -0.221424 0.239907 -0.124242 -0.0224868 -0.042783 0.184777 -0.0671971 -0.147979 -0.0225064 0.483268 -0.00177007 -0.288172 -0.154779 -0.093386 0.397755 -0.199423
1:-0.13302 0.994819 -0.0910948 -0.283236 0.367073 0.0822402 1.0866 -0.809683 -0.315764 0.235968 1.81702 -0.755723 -0.208638 1.5318 0.257293 -0.233122 1.17432 4.47421 2.56833 0.310016 0.443103 3.12536 3.94465 1.3752 1.28712 2.72834 5.02903 1.51003 2.54354 3.78512 4.26648 2.40819 2.04856 3.78155 2.76819 3.96503 3.03556 3.24944 3.02924 3.36292 3.75464 1.76377 4.11816 1.92735 1.49768 3.7412 4.4264 2.78417 3.17173 2.69285 4.06547 2.66059 2.31821 3.82569 2.75473 3.20904 2.89894 3.76981 2.9281 2.93036 2.96091 2.69126 3.73717 1.9207
0:-0.339025 -0.141196 1.07099 -1.48236 -0.906545 0.460821 0.660961 -0.696166 -1.28948 1.40836 0.487826 1.89698 -0.179453 0.252374 1.16535 -0.122281 3.14386 0.459198 -1.23476 -0.140669 2.25206 -0.708068 -0.538731 -0.366555 -0.272384 -0.682453 0.0654206 0.40026 0.748421 -0.111623 -0.32016 0.484052 -0.0990923 -0.343771 -1.17269 2.36302 0.245708 -1.3124 -1.30334 1.69923 0.321246 -1.52303 -0.698584 2.08165 -0.149113 -0.843754 -1.03588 2.48737 -0.292257 -0.611547 -0.281081 -0.830878 -0.448788 -0.520251 -0.671452 -0.680707 -0.496882 -0.539939 -0.652684 -0.434806 -0.590788 -0.821002 -0.554854 -0.222849
0:1.2195 -0.226541 0.250825 1.36357 1.17676 -0.0330978 -0.0105301 1.07083 1.084 0.197776 -0.21013 1.12643 0.982872 0.0144827 -0.251329 1.32254 0.941975 0.711693 1.51009 0.37015 0.342084 1.00743 0.979259 0.400805 0.495801 1.13768 0.501517 1.20829 1.216 0.210032 0.779741 1.64806 -0.096723 2.43856 1.36009 -0.0182498 -0.0839934 2.52262 1.98373 -0.0180251 0.135523 2.10348 2.74645 -0.0244973 -5.75781e-05 2.18865 2.87708 -0.227322 0.997234 1.4333 0.26815 1.39398 1.36525 0.444847 1.13978 0.95396 1.44968 0.603813 1.36256 0.221702 1.14365 1.34507 0.923073 -0.0227473
0:1.21349 1.3971 0.772031 1.44345 0.898861 -0.174337 2.83227 3.16998 2.83838 1.78212 2.93337 0.766413 1.60658 2.81772 1.23477 -0.270344 3.92726 -0.141158 0.622907 3.75632 3.62978 -0.176133 2.62977 3.9548 4.13193 1.80541 0.274469 2.95621 4.33217 1.38602 -0.625635 2.83953 1.42325 0.671409 2.42665 1.68829 0.0880303 0.52584 2.753 3.40372 1.55511 1.55052 1.55822 3.77876 1.61534 0.302491 -0.143912 3.50861 -0.29506 2.44166 1.80322 -0.0639193 -0.572947 2.94752 2.62741 0.742759 0.786604 3.00783 2.97503 -0.00321207 0.494621 3.2595 3.01099 -0.674266
1:2.88066 1.71195 4.23618 4.13873 3.92035 2.96857 3.74688 2.68856 3.407 3.50194 1.74672 3.42304 3.0425 1.99699 2.07701 4.6664 1.63328 4.13367 4.75681 2.67706 3.03953 4.24503 3.91227 1.60961 2.40217 3.97534 4.25941 1.32891 1.43968 3.49098 4.61789 2.04006 2.04301 3.47554 3.9271 3.53465 3.22781 3.60986 2.77655 3.01428 3.47963 2.9893 2.99379 1.00024 2.20925 3.2037 4.41707 1.59537 3.27954 1.13923 3.6432 4.98248 3.59886 3.12615 2.64181 4.63496 3.94282 3.0338 0.778134 3.73931 3.03722 1.18445 2.72314 3.59906
0:0.812055 0.644934 1.32148 -0.0489381 -0.154864 0.394059 0.804459 -0.255449 -0.14691 1.35794 0.0521399 0.229684 0.0170413 -0.0776245 0.856074 0.2602 0.211215 0.198994 0.275695 0.974572 0.673988 0.454885 -0.12759 0.190305 0.408472 -0.168442 -0.247263 -0.0136144 -0.401634 -0.41788 0.28228 0.418866 0.336013 -0.0862444 -0.168326 1.48566 0.776517 -0.35307 -0.473236 0.797752 0.830992 -0.518383 -0.536926 0.290667 -0.0170916 -0.462472 -0.282289 1.44751 -0.00931153 0.0963392 2.0993 0.906792 0.226749 1.46146 1.43148 -0.050435 0.701092 2.40217 -0.00967575 -0.140865 -0.22295 -0.0250821 0.455991 0.181797
2:1.10949 0.960382 1.21261 2.68434 1.48661 0.551493 1.93423 2.91112 2.21598 0.619622 0.959152 2.95042 2.13083 1.1952 0.485016 2.18831 0.747752 2.38432 2.41702 0.684536 0.952688 1.57459 3.01645 1.13216 0.933373 2.73587 3.24213 1.33617 1.17705 2.4549 1.73419 0.664078 0.535268 2.38386 2.52016 0.0185269 0.514519 1.64473 2.59049 0.457958 0.690164 2.47362 2.48261 0.0232452 0.780569 2.81688 2.44198 -0.0212046 2.29547 1.17793 0.853552 2.03183 1.6611 1.53433 0.819381 2.88692 2.42398 1.29295 1.32275 2.65194 2.37632 1.80304 1.77132 0.943989
1:2.08395 1.10396 2.30114 2.33233 2.03036 2.26394 0.929767 2.26577 1.75539 1.9528 0.16772 2.16881 1.7972 0.711642 2.48485 2.41554 2.60621 0.937572 0.964696 2.14132 2.66203 1.15799 0.754941 1.76264 2.32552 1.00759 0.932969 2.4006 2.04421 0.869334 1.12825 2.25589 -0.02934 1.5675 0.931889 2.37744 1.58063 0.63106 0.950887 0.888266 0.888245 0.0936936 1.00711 0.195603 -0.127809 1.16896 1.13472 2.33005 0.399673 0.183549 1.46082 0.311429 0.677244 1.29032 0.176525 -0.131408 0.403888 1.04333 0.595575 -0.384638 -0.0577386 1.0795 1.11394 -0.106739
2:3.58874 0.647854 1.311 2.76709 3.28638 1.34703 2.06704 3.38855 3.84053 2.28119 0.694624 2.316 4.80853 1.83428 1.25677 0.715643 2.90801 0.858411 1.83506 3.52957 2.86216 0.796633 3.37041 3.27488 2.43638 1.2546 1.18964 3.61007 2.54902 0.946427 0.138593 4.32758 1.42138 3.29972 2.89618 1.97611 2.13038 3.39254 3.50508 1.50136 1.95844 3.26475 3.52647 1.25882 2.14991 2.9449 3.39141 2.05913 0.0534897 1.44708 1.30681 0.401615 0.451315 1.52047 0.795716 0.842318 0.643803 0.695889 1.09237 -0.0172718 0.386524 0.457161 1.54903 0.0511662
0:2.4987 1.92606 2.53502 1.47507 1.33873 2.55993 1.29822 2.43473 2.63821 2.27298 1.49697 2.03924 2.32759 1.1496 2.53979 0.931127 1.89967 1.44746 1.75289 1.84512 1.36819 1.16274 2.08734 2.50868 2.05436 1.85135 1.35448 2.72526 2.04931 1.03572 1.66671 2.06694 2.62226 2.21759 1.7402 2.56832 2.51651 1.40146 3.20364 1.0883 2.366 2.40627 3.02055 1.3465 2.03183 2.51792 1.80163 2.50962 1.36501 2.09792 2.31122 2.44619 1.97969 1.9607 2.29721 1.70802 1.97077 1.8751 2.63275 1.41942 1.13221 2.20033 2.15418 2.33017
1:1.16749 0.655317 0.985027 0.603907 0.923922 0.966928 1.67547 1.28346 1.24869 1.44092 1.05519 1.03227 1.42911 1.37856 1.00814 0.402098 1.54005 0.918441 0.867509 1.72223 1.77038 0.833268 0.911685 2.0186 1.76684 0.759168 0.7684 1.57936 1.99236 0.874883 1.08683 1.38041 0.270397 -0.0201968 0.0652188 1.13887 0.522461 -0.209294 0.758188 1.73978 0.851094 -0.0372557 0.0424704 1.03465 0.977126 0.15534 -0.278574 0.950767 -0.147645 0.496869 1.34969 -0.286046 -0.0246306 0.87285 1.51401 -0.317129 -0.219183 1.56641 0.934887 -0.00233604 0.121603 1.40067 0.870206 -0.104203
2:0.303967 -0.390174 -0.224251 -0.0707128 -0.0150534 -0.178536 -0.285072 -0.184252 0.573725 -0.134806 -0.609827 -0.180427 -0.0811921 -0.74639 -0.546659 -0.254053 -0.876009 -0.183348 -0.325828 1.39621 -0.493437 -0.488615 -0.19204 1.16206 -0.0980482 -0.420665 -0.318905 -0.575343 -0.257704 -0.44398 -0.42582 -0.0476827 -0.452314 -0.578471 -0.0380738 -0.0398737 -0.344802 -0.0458094 -0.303769 0.0784829 0.566629 -0.0232529 -0.296064 -0.801514 -0.580932 -0.329003 -0.0816664 -0.974257 -0.0527424 -0.88385 -0.00142468 -0.376038 -0.3501 -0.505716 -0.183798 -0.171175 -0.185117 0.46491 -0.973106 -0.0914308 -0.251171 -0.818705 -0.928598 -0.21897
0:-0.280397 -0.465015 1.66359 0.20834 0.0388238 1.10295 1.73172 0.469222 0.352125 1.97584 -0.269296 -0.289129 -0.047099 0.644777 0.501514 -0.184155 0.46997 -0.304048 0.107614 1.42199 1.63568 -0.0514995 0.313163 1.22642 1.24087 0.619985 -0.251354 -0.0742167 0.807108 -0.13325 -0.152696 -0.0475543 -0.246511 -0.257694 0.313115 2.60677 0.773654 -0.359104 -0.118731 2.21875 1.44918 -0.273012 -0.765891 -0.0147788 -0.0694713 -0.419655 -0.369188 1.1017 -0.433516 -0.262913 0.801256 -0.266578 -0.274492 0.777752 0.351649 -0.181418 -0.0112213 0.288177 -0.315566 -0.742162 -0.410357 -0.0213628 0.312408 -0.488906
2:-0.00425167 1.5554 1.40164 0.545666 0.287338 1.7362 0.288709 1.41976 1.13017 0.470366 1.17857 0.381545 0.632648 0.406525 2.06446 0.193157 0.232912 0.302042 1.09592 -0.206482 -0.0372809 0.820777 0.971995 0.680878 0.178743 0.969073 0.542759 0.859089 0.709681 0.473138 1.38502 -0.315332 1.65169 0.254274 0.273117 0.58023 1.80268 -0.0456927 1.34202 -0.0339014 0.46002 0.930153 0.479788 0.524514 0.95771 1.01864 -0.011947 1.41664 0.805906 0.837878 0.230442 1.70627 1.19028 0.826126 0.616961 1.00552 0.857295 0.511827 0.887365 1.09356 0.636913 1.60965 0.877095 1.92707