2:-3.52888 -2.78573 2.70603 2.70701 -5.2698 -3.33997 -2.19877 -0.659273 -1.91004 -2.25762 -0.0645859 0.99076 -1.48715 -1.96706 -0.667048 2.50469 3.32785 -2.58028 3.51861 -0.618875 -2.32123 -0.809604 0.79959 3.80689 -2.49503 -1.09616 1.91229 -0.14361 -1.51673 -2.03431 -0.15569 3.6365 1.88009 -0.897401 -0.494787 4.56942 1.44348 -1.78078 -0.0723183 -2.34973
1:-2.74941 -4.12739 3.2434 4.41199 -5.4478 -2.66432 -2.58738 -0.307592 -1.34452 -1.12968 1.33917 3.43965 -1.12669 -0.87133 -0.658471 0.687085 4.15002 -2.23206 3.35306 -0.523544 -1.74893 -0.11231 2.61817 0.810355 -0.824458 -1.4397 1.03721 1.01033 -1.9763 -0.177504 -1.37385 2.46686 -0.222293 -0.628863 -1.16657 1.17847 3.34826 -1.3575 -0.350772 -2.15887
0:-2.00693 -3.51391 1.72894 3.48751 -4.80697 -3.97473 -1.35184 -1.99385 -1.9916 -0.32919 2.07134 0.759675 -1.70835 -2.63513 -2.14945 4.06435 5.66912 -1.90521 1.17973 -0.578079 -1.77057 -0.666052 1.04983 4.35003 -1.16624 -1.99261 1.26979 -1.08647 -0.865468 -1.98713 -0.448391 0.440144 1.91425 -0.856496 -1.85979 5.57911 1.08359 -1.27316 -2.06287 -0.541502
1:-2.62244 -4.09041 2.83217 4.30358 -5.2703 -2.68408 -2.91822 -0.186645 -1.40922 -1.1331 1.68787 3.81504 -0.754305 -1.48948 -0.938174 0.415623 4.99946 -1.99977 2.96601 -0.51713 -1.79328 -0.197629 2.3291 1.16426 -0.958583 -1.55011 1.41865 1.29872 -2.03158 -0.242216 -1.71809 2.58877 -0.294421 -1.05196 -0.957354 1.13643 3.04217 -1.28909 -0.436675 -2.11911
0:-2.08678 -2.58759 3.90095 3.02986 -6.00612 -4.17534 -0.314071 -2.06243 -1.05605 -1.08201 3.37816 3.01203 -0.950239 -1.36978 -1.79148 5.19228 5.1618 -1.84481 5.13403 -1.40058 -0.463047 -0.661109 2.43208 3.46867 -0.380268 -1.89684 1.31695 -1.36305 -1.40412 -2.02278 0.322927 3.99778 0.968644 -1.26949 -1.59451 4.56213 1.49284 -2.46896 -1.23239 -0.566783
0:-1.83841 -3.08801 2.55372 3.71588 -5.15879 -3.86082 -0.258997 -2.13251 -1.85571 -0.242586 2.59876 3.13284 -1.0534 -2.28641 -1.91625 3.85027 6.42777 -1.6166 2.32794 -0.429751 -1.18869 -1.08893 0.344085 4.76956 -1.14254 -1.7425 1.66099 -0.984999 -0.790327 -1.52571 0.253736 5.31039 1.27698 -1.68965 -2.45579 2.85361 2.35647 -2.16729 -1.94499 -1.04379
1:-2.48353 -3.51667 2.35827 4.34746 -5.48735 -2.61966 -2.71935 -0.288909 -1.8596 -0.875496 1.21665 1.65544 -2.14732 -1.95412 -0.190836 2.51882 2.84592 -1.93528 2.79634 -1.21641 -1.33707 -0.518426 3.38513 2.01069 -0.907882 -0.939936 1.67776 0.983914 -1.94174 -0.134967 -1.86482 0.599239 -0.0997566 -1.13519 -0.402393 2.67562 2.76914 -1.11762 -0.143808 -1.54358
0:-1.36024 -3.67624 1.42148 1.69605 -5.59886 -3.89076 -0.438466 -2.81136 -1.36191 -0.68009 3.51497 1.75285 -0.30923 -2.48518 -2.64796 4.3836 5.9923 -2.30673 5.17609 -1.2331 -2.15721 -0.37088 1.24909 3.99129 -1.05421 -1.86792 1.69366 -2.40299 -1.54822 -2.73962 -1.47014 0.155577 2.58369 -0.891847 -1.66652 5.03932 0.493821 -2.06831 -1.96749 -0.670475
0:-2.44932 -2.61803 2.28707 5.20489 -5.05526 -3.72626 -0.957576 -1.66226 -2.66651 -0.761929 2.5406 2.40182 -0.933673 -2.63365 -2.14616 4.11793 6.52174 -1.44565 1.46072 -0.352249 -1.44633 -0.746215 0.490501 4.09928 -1.66867 -2.20902 1.97586 -0.595354 -0.978685 -2.02312 0.670995 3.79183 1.10247 -1.56324 -1.80323 5.33121 1.72512 -1.47189 -2.16835 -0.507798
1:-2.54804 -2.76604 1.90263 4.44661 -5.69319 -3.22642 -1.90311 -0.454866 -2.60202 -0.861278 -0.08043 2.93295 -2.53362 -1.10939 -0.841367 1.81085 3.05696 -1.91066 2.42241 -1.73513 -1.4215 -1.20666 4.41214 1.92835 -0.817542 -0.380634 2.29091 0.404459 -1.74871 -0.266263 -1.52641 0.944568 -0.108273 -1.57174 -0.538854 2.37681 2.6116 -1.15398 -0.200262 -1.60494
1:-2.23916 -3.15381 2.251 5.00749 -5.92952 -2.84389 -2.16502 -0.339688 -2.17702 -0.726854 0.188808 2.66971 -2.4418 -1.17661 -0.708071 1.91263 2.76339 -1.85219 2.24496 -1.68727 -1.1624 -1.83111 3.32879 1.90565 -0.36147 -0.48931 1.57416 0.615544 -1.6176 -0.562494 -1.45909 0.584431 1.29734 -1.48403 -0.410761 0.855202 2.63103 -1.09664 -0.371842 -0.902259
2:-2.22515 -2.33389 3.19951 1.63968 -6.4641 -3.65707 -0.22573 -0.920465 -0.880582 -1.43478 2.23671 2.4288 -0.600026 -0.913197 -1.95253 5.4939 3.85813 -1.1017 4.44442 -1.52723 -2.37457 -1.04421 3.12998 1.94216 -0.202715 -1.56991 0.64275 0.230769 -1.86037 -3.22225 -1.14844 1.75987 3.36988 -0.224628 -0.614809 4.08545 2.98959 -0.615917 -1.46838 -1.71102
1:-2.22584 -3.17135 1.95315 4.7151 -5.64064 -2.92887 -2.2179 -0.29177 -2.32412 -0.666437 0.0702978 2.77407 -2.53025 -1.46368 -0.650063 2.06288 2.72684 -1.88864 2.32537 -1.69939 -1.40216 -1.18088 3.81962 1.55283 -0.649834 -0.383804 1.82516 0.571039 -1.73027 -0.287106 -1.77986 0.96244 -0.163232 -1.84402 -0.490724 2.16954 2.44968 -1.13436 -0.33657 -1.67794
2:-2.27887 -2.83705 3.20959 2.53968 -5.68775 -3.507 -1.86442 -0.377428 -1.26582 -1.56092 1.1862 1.40306 -1.84365 -1.74458 -0.313888 2.09687 3.1089 -2.08497 2.62108 -0.823129 -1.52018 -0.269582 1.64385 1.57474 -1.67857 -1.40059 2.32619 1.24427 -2.27734 -1.94472 -0.490061 2.15528 0.398008 -0.289977 -1.36474 3.71377 0.74637 -2.30831 -0.437616 -1.06949
1:-2.53222 -3.6825 2.40018 4.07305 -5.15779 -2.45765 -2.83572 -0.453011 -2.03076 -0.961303 1.4442 2.16259 -1.66643 -2.3408 -0.276156 1.60729 3.56942 -2.25116 3.0037 -0.808999 -1.93491 -0.38548 3.05873 1.56118 -1.62906 -0.766882 1.58629 0.534519 -1.87088 -0.341773 -1.57777 1.49494 -0.237756 -1.56506 -0.511219 2.56099 2.86782 -1.2112 -0.298322 -1.86541
1:-2.6526 -3.2471 3.15482 4.49736 -6.0449 -2.41459 -1.99987 -0.417978 -1.54688 -0.87942 0.290457 2.38746 -2.35294 -0.883727 -0.491633 2.05297 3.50252 -1.8547 2.45848 -1.65485 -1.32313 -0.652417 3.30839 1.4662 -0.492758 -0.779689 0.757128 0.696349 -1.70598 -0.0838427 -1.03358 2.04226 -0.229103 -0.925145 -1.14906 1.56602 2.99437 -1.27413 -0.306063 -2.16889
2:-2.68718 -3.5408 3.80103 3.05348 -5.35661 -2.10164 -2.14552 -0.367716 -1.53225 -1.03616 1.97007 1.90173 -0.901644 -1.013 -0.553405 1.6253 4.37837 -2.60074 2.62261 -0.563992 -1.64404 -1.2241 1.2376 2.26519 -1.31522 1.344 1.6059 -0.720375 -2.42384 -2.26527 -1.32872 1.52611 0.46495 -0.448252 -1.69521 -0.0413661 2.55436 -2.05159 -1.80937 -1.89797
1:-2.25205 -2.88666 1.19662 4.49777 -5.6289 -4.15959 -2.11947 -0.404526 -2.77977 -0.848625 0.0553204 2.42316 -2.24584 -1.10435 -0.941095 1.54659 2.48871 -1.69639 2.05602 -1.64946 -1.41129 -1.86303 3.83516 2.1901 -0.599092 -0.665736 1.56897 0.611973 -1.9124 -0.579038 -2.03095 2.91291 3.87036 -0.766521 -0.592256 1.07638 1.79781 -0.840242 -0.796687 -0.33576
2:-3.49552 -3.57653 2.85174 4.47624 -5.35133 -2.396 -1.21578 -0.0121519 -1.13197 -1.33315 1.76656 0.572108 -0.646279 -0.444715 -1.0315 1.89091 5.41873 -1.06584 1.95716 -0.350645 -2.13568 -1.31489 1.93427 3.66674 -1.50175 -1.07204 0.245346 -0.474844 -1.25543 -1.53451 -1.95659 2.74148 1.82212 -0.0124763 -1.14491 1.90394 1.64973 -0.902767 -0.964928 -2.0441
0:-2.24762 -3.10444 1.96395 3.46824 -4.97633 -3.25689 -0.803371 -1.43212 -2.95864 -0.252414 1.9135 3.13304 -1.31098 -2.0999 -1.83028 3.92815 5.88669 -1.36484 1.59689 -0.260104 -1.72342 -1.02924 0.639813 3.73322 -2.79023 -1.77405 2.48183 0.0514625 -1.63551 -1.5511 0.750118 4.20196 0.393696 -1.6319 -2.24011 3.92289 1.26385 -1.09685 -1.9567 -0.527196
1:-2.6753 -3.99528 3.15305 4.16632 -5.42737 -2.50904 -2.63488 -0.366437 -1.29784 -1.12858 2.00845 3.00728 -1.26846 -1.52316 -0.483789 0.634305 4.00308 -2.25383 2.82924 -0.540049 -1.63825 -0.314822 2.5969 1.18083 -0.75634 -1.2626 0.974365 1.13296 -1.99349 -0.059196 -1.36573 2.82094 -0.32112 -1.0672 -1.27798 1.01994 2.82506 -1.31122 -0.400131 -2.14204
0:-1.30454 -3.33889 1.7959 3.00354 -6.10164 -4.06795 -0.335447 -1.5734 -0.984548 -0.559489 2.02758 1.72475 -1.05826 -2.73584 -2.23681 0.237322 4.48159 -2.1227 5.03055 -1.34835 -2.36331 -0.537211 2.39049 4.11744 -0.0527316 -0.954929 0.821631 -1.56334 -1.94499 -1.53871 -0.285975 1.39322 1.48848 0.14033 -1.381 3.86209 0.954715 -3.04229 -0.295027 -1.10061
0:-1.86591 -2.77531 1.84777 2.8973 -5.99518 -4.58667 -0.0765425 -2.3408 -0.970233 -0.697359 3.47875 2.17121 -0.830369 -2.03822 -2.1004 4.68841 6.11878 -1.86342 5.43842 -1.24381 -1.14122 -0.704956 1.37 4.15211 -0.632947 -1.90423 1.57069 -1.71856 -1.1659 -2.22295 -0.11927 3.34892 1.95159 -1.01576 -1.4123 5.67538 1.28911 -3.00985 -1.35669 -0.834115
2:-3.12218 -2.23294 3.49267 3.30525 -6.08478 -3.22131 -0.65019 -0.951265 -1.5424 -2.51078 2.0131 2.67259 -1.01854 -0.796105 -1.73038 4.60308 6.21792 -1.29606 4.4037 -0.876642 -1.36595 -0.34184 1.40375 1.51368 -0.619889 -1.6692 0.412463 -0.375859 -2.00766 -2.75176 0.357821 0.9015 3.04887 -1.07577 -1.70141 4.68629 2.83432 -0.752303 -1.51728 -0.813543
1:-2.23886 -3.31029 1.97473 4.14887 -5.51928 -2.62946 -2.156 -0.385138 -2.32954 -0.719483 0.590817 2.5607 -2.49002 -1.77604 -0.463598 2.33906 2.58392 -1.91401 2.42705 -1.51964 -1.39619 -0.528148 3.51347 1.92057 -1.04721 -1.00774 1.47662 0.833753 -1.94946 -0.0521914 -1.94019 1.42044 -0.255779 -1.59128 -0.680059 2.06548 2.63206 -1.10683 -0.359089 -1.98412
2:-1.4456 -4.15567 1.53574 2.66741 -6.0363 -3.81689 -1.18445 -0.686146 -0.839708 -0.950433 0.689853 0.620743 -1.10345 -1.31276 -1.96499 0.552406 4.21018 -1.11536 -0.0801233 -0.841304 -2.45648 -0.997798 2.93263 1.93685 -0.357578 -1.32254 0.910935 0.799577 -1.58547 -0.957182 -1.23656 2.63523 1.77305 -0.0365391 -0.357162 3.76668 2.5052 -1.03049 -1.10638 -2.22573
2:-2.61171 -2.40224 3.46314 4.19188 -5.98402 -3.77198 -1.39846 -0.490125 -1.58869 -1.70395 1.4779 2.28525 -0.0430042 -0.745579 -1.60756 5.29999 5.98566 -0.485319 2.77354 -0.0790309 -2.42691 -0.846279 -0.0575242 2.22784 -0.844057 -1.29133 -0.00453568 -0.594384 -1.68017 -3.14211 -2.31129 2.7397 2.73041 0.409079 -1.37869 2.96654 0.653527 -0.721423 -1.83783 -2.26207
1:-2.61202 -4.04698 2.90973 3.91452 -5.24216 -2.57224 -2.85575 -0.157381 -1.6363 -1.1243 1.27495 3.7727 -0.684567 -1.22569 -1.01583 1.02614 5.26731 -2.08259 3.50378 -0.310803 -2.13926 -0.132081 2.81109 1.82846 -1.34606 -1.58761 1.76599 1.14097 -1.97133 -0.644 -2.01215 1.84639 -0.175143 -0.954531 -0.602244 1.26618 3.19842 -1.16501 -0.504759 -2.10662
1:-2.26594 -3.03873 1.6642 4.21212 -5.26548 -3.78398 -2.48172 -0.63296 -2.65385 -0.567814 0.529628 1.64192 -2.23237 -1.52229 -0.562739 2.59546 2.54836 -1.75928 2.05296 -1.65476 -2.04173 -1.21598 3.25439 1.28036 -1.41111 -0.555455 1.48428 0.457933 -2.04575 -0.492104 -2.07192 0.934827 1.83373 -1.60238 0.138148 2.32958 3.04331 -1.01492 -0.326334 -0.868513
1:-1.96705 -3.12499 1.54401 4.7735 -5.78141 -3.60445 -1.88831 -0.393496 -2.7403 -0.815923 0.285861 2.98815 -2.31209 -0.782935 -0.903642 1.13527 2.71886 -1.76251 2.10699 -1.64843 -1.21598 -2.0616 3.23576 2.22598 -0.415021 -0.619379 1.54865 0.644091 -1.80967 -0.685834 -1.51696 1.91756 2.02578 -1.02659 -0.519424 -0.0381943 2.55585 -1.0434 -0.566446 -0.619954
0:-1.80622 -3.27017 2.84396 4.04982 -5.45902 -3.39409 -0.104717 -2.1102 -1.646 -0.074585 2.77363 3.14019 -1.07553 -2.27155 -1.76767 3.15293 5.28991 -2.00962 3.90471 -0.968496 -0.913544 -0.933569 1.03067 4.65929 -0.80882 -1.89971 1.77722 -1.24619 -0.892616 -1.58226 0.36068 5.16205 1.00816 -1.75073 -1.63384 2.94003 1.65341 -2.73594 -1.03795 -1.20279
2:-2.39596 -2.25964 4.43729 2.20507 -6.05882 -3.60027 -0.398082 -0.611128 -1.11309 -2.05824 3.15651 2.73653 -1.0115 -0.963723 -1.82801 5.01287 5.02772 -1.51815 4.96622 -1.53595 -0.611293 -0.502501 1.78418 1.05019 -1.30765 -0.913826 0.212566 -0.802101 -1.92494 -2.99076 -1.1056 1.6353 1.82542 -0.171365 -1.87627 4.53147 1.11012 -1.08645 -2.25126 -1.19882
1:-2.51224 -3.94679 2.82946 3.8864 -5.19689 -2.5541 -2.89114 -0.247838 -1.69743 -1.14498 0.848561 4.63887 -0.705583 -1.35089 -1.26011 0.697208 5.36746 -2.36561 2.992 -0.790217 -2.36757 -0.284844 0.954325 1.83592 -1.99556 -1.41424 2.1293 1.84902 -2.22769 -1.03035 -0.580565 3.47821 -0.237793 -0.363151 -1.31058 0.170249 2.85455 -1.41258 -0.497913 -2.03376
2:-1.56572 -3.30558 2.09789 2.67115 -5.76667 -4.14506 -0.185563 -2.11344 -1.18285 -0.535294 2.51467 2.80641 -0.765887 -1.97951 -2.05829 3.31539 5.68838 -0.75991 1.69844 -0.370876 -2.39127 -0.475274 1.19715 1.93018 -0.828644 -2.00335 0.300698 1.4838 -1.76702 -0.972787 -1.86455 1.97927 3.80042 -0.564496 -1.1621 3.73484 2.85322 -0.337043 -1.62989 -1.43224
0:-2.02713 -2.67858 2.14228 1.86891 -6.43543 -3.80152 -1.20359 -0.92323 -0.165142 -1.85578 3.06273 0.786486 -1.63688 -1.67022 -1.85985 3.11606 5.80998 -1.66837 0.363394 -0.526915 -1.41566 -0.540988 3.33765 3.00084 -0.45648 -1.10064 1.0177 -1.13917 -2.47667 -1.73417 0.352791 3.74957 1.36008 -0.959355 -1.06378 5.41768 2.85894 -2.79216 -1.75633 -1.58519
1:-2.66281 -3.59611 2.56888 4.14734 -5.29074 -2.48731 -2.80983 -0.384129 -1.75585 -0.985484 1.38906 1.71363 -1.8669 -2.14303 -0.20453 2.0324 3.17142 -2.21189 3.04687 -0.802959 -1.77164 -0.461563 3.34361 1.52785 -1.24469 -0.705955 1.66224 0.526759 -1.93059 -0.252416 -1.84101 1.16384 -0.199586 -1.60466 -0.437961 2.52796 2.80738 -1.16016 -0.246985 -1.81329
0:-2.35812 -2.79932 2.82203 4.33684 -5.39186 -4.01882 -0.262035 -1.98933 -2.23449 -0.482365 2.16472 2.52485 -0.985744 -1.36466 -1.50785 4.31566 6.85726 -1.29333 2.39138 -0.142647 -1.60827 -0.879649 0.335711 4.0459 -2.02786 -1.69846 1.83337 -0.126598 -1.09324 -1.50391 0.817801 3.00566 0.789869 -1.19861 -1.89158 4.36721 1.42035 -0.911799 -1.64157 -0.374027
1:-2.65558 -4.09828 2.5347 3.88406 -4.97315 -2.51707 -3.10886 -0.231555 -1.82379 -1.11065 1.48256 3.68163 -0.914078 -1.89753 -1.01038 1.41295 4.63326 -1.77245 3.12329 -0.323636 -2.33662 -0.115116 1.81069 1.81641 -1.55738 -1.78057 2.42088 1.1563 -2.09097 -1.45838 -1.8854 2.57397 -0.203002 -0.603133 -0.867512 0.774241 3.41391 -1.30643 -0.450252 -2.10287
1:-2.56027 -3.87277 3.04519 4.39718 -5.52221 -2.33461 -2.52449 -0.295791 -1.28088 -1.04922 1.31328 2.04195 -2.02211 -1.74767 -0.261109 1.71517 2.93662 -2.01582 2.82596 -0.972475 -1.94249 -0.115562 2.5002 1.07022 -0.892723 -1.23955 1.09194 1.14995 -1.95244 -0.226305 -1.47757 2.63059 -0.286494 -1.00223 -1.0607 1.28773 3.07271 -1.31309 -0.383736 -2.09148
1:-2.39782 -3.07164 2.07635 4.53975 -5.74245 -3.1044 -1.78657 -0.346943 -2.43942 -0.658769 -0.0819978 2.68635 -2.50721 -1.08488 -0.810132 2.07679 3.16827 -1.93892 2.45961 -1.75753 -1.13652 -1.45478 4.16593 1.87206 -0.718351 -0.268159 2.35368 0.443993 -1.78558 -0.318429 -1.41357 0.816608 -0.0711421 -1.44408 -0.711388 2.30805 2.64574 -1.16973 -0.110317 -1.59016
2:-2.24472 -2.43424 3.98847 3.93181 -5.41302 -3.93607 -0.764059 -0.707166 -1.08228 -1.2265 0.888608 2.44474 -0.151604 -0.654292 -2.01051 5.91071 6.09871 -0.368211 4.31875 -0.770687 -2.74706 -1.35096 2.25414 2.97908 -1.84623 -0.950933 0.134263 -1.92267 -2.05871 -2.97738 -2.38466 2.85319 3.27403 -0.253738 -1.19372 3.15078 2.78551 -0.457718 -1.65815 -0.889486
0:-2.33357 -3.21405 2.56176 4.54412 -5.23605 -2.83385 -0.353971 -1.67739 -2.74386 -0.34071 1.9692 2.87775 -1.21043 -1.88645 -1.63381 4.48434 6.40758 -1.46741 2.51837 -0.427902 -1.49996 -0.665889 0.645922 4.31715 -1.91928 -1.54167 1.97794 -0.439763 -0.846738 -1.56633 0.659109 3.78135 0.589131 -1.12221 -1.99209 4.62729 1.43345 -1.5069 -1.64003 -0.499249
2:-2.0964 -3.09191 2.70783 5.06592 -4.8433 -2.78827 -2.59135 -1.69076 -1.67715 -0.754748 0.975801 2.48261 -1.72374 -1.37743 -0.379752 0.0942434 3.92825 -1.42832 1.65321 -1.07514 -1.80464 -1.53681 1.47366 2.21507 -1.07697 -0.25221 2.64687 -1.05914 -1.83005 -1.24827 -0.683765 4.06573 0.708444 -0.176892 -1.24711 -0.0455279 1.51638 -1.6318 -2.29971 -2.62166
1:-2.47705 -3.60363 3.23204 4.69385 -5.88956 -2.40986 -2.24626 -0.333176 -1.48898 -0.918839 1.01604 2.04516 -2.23092 -1.47622 -0.394829 2.22852 2.94784 -1.83879 2.27524 -1.51049 -1.01089 -1.44032 3.39043 1.83418 -0.324237 -0.441199 1.66076 0.631106 -1.46666 -0.281644 -1.66527 0.722 -0.0670571 -1.38582 -0.213447 1.71561 2.55225 -0.987523 -0.493817 -1.64787
0:-2.32792 -3.2246 2.55097 4.27988 -5.25634 -3.65542 -0.225466 -1.75639 -2.09694 -0.308444 2.07443 2.11498 -1.40202 -2.21198 -1.60439 3.09906 6.18651 -1.43458 1.26838 -0.449823 -2.18108 -0.803198 0.930304 3.13159 -1.95188 -1.14977 1.02647 -0.208052 -0.714716 -1.15868 0.791304 3.41417 1.15592 -1.15792 -1.98574 4.65775 1.63975 -1.14231 -1.78168 -0.322447
1:-2.3243 -3.1431 2.17319 4.45054 -5.65118 -2.70496 -2.20438 -0.397121 -2.18778 -0.718672 0.15409 2.0869 -2.46225 -1.63813 -0.594882 2.6991 2.7283 -2.03234 2.35777 -1.63131 -1.71409 -0.957227 3.77856 1.18187 -0.94009 -0.352768 2.03868 0.34556 -1.95269 -0.312263 -1.55195 0.725963 -0.1078 -1.5587 -0.718229 2.89543 2.58895 -1.17804 -0.0389366 -1.54325
2:-1.90378 -2.34988 3.79161 2.78645 -5.76342 -3.53453 -2.45966 -0.135723 -1.99616 -1.66553 1.19531 3.23377 -0.0416138 -1.37128 -0.785079 5.28562 5.81594 -1.80196 3.8375 -1.21355 -0.603999 -0.842974 1.61806 3.14227 -2.07786 -1.41001 0.699265 -0.685525 -2.11901 -2.95614 -0.171782 4.21454 0.490449 -0.879902 -0.427837 4.13497 1.02361 -1.90727 -0.305261 -1.70538
2:-2.7587 -2.85782 3.19959 4.45017 -5.50912 -3.93138 -1.40758 -0.328942 -1.39878 -1.01598 2.94396 0.581972 -0.408532 -1.2079 -0.756413 2.48624 5.05833 -1.27197 1.49345 -0.175588 -1.92355 -0.839918 -0.0326248 2.22195 -1.14017 -1.61428 0.810564 -0.179126 -1.63642 -2.10414 -1.79815 1.39376 2.73657 -0.698685 -0.451463 1.83739 4.20363 -0.805808 -0.70536 -1.00079
1:-2.53514 -3.53619 2.90938 4.2083 -5.85434 -2.22587 -2.0251 -0.466481 -1.73344 -0.918361 0.451954 2.53768 -2.39274 -1.40802 -0.575171 2.03691 3.06741 -1.93241 2.40534 -1.50418 -1.55916 -0.360856 3.20757 1.29265 -0.760899 -0.80055 0.635576 0.652429 -1.91336 -0.0809585 -1.19348 2.36138 -0.242312 -0.820354 -1.2592 1.38653 3.10355 -1.32586 -0.298731 -2.18131
1:-2.67638 -3.8552 2.99507 4.07518 -5.48453 -2.2982 -2.62254 -0.294789 -1.46455 -1.07188 1.45466 1.97906 -1.83455 -1.94962 -0.286153 1.55652 3.15892 -2.29459 2.94513 -0.739772 -1.49367 -0.75633 3.59016 1.34391 -0.710152 -0.498073 1.70771 0.50114 -1.77108 -0.197674 -1.6827 1.20004 -0.190256 -1.5566 -0.559384 2.40666 2.79085 -1.15536 -0.251834 -1.83897
1:-2.58841 -3.7925 3.12711 4.39779 -5.61318 -2.35427 -2.56108 -0.248452 -1.35361 -1.00075 1.68329 2.16846 -1.98337 -1.84706 -0.270485 1.6074 2.9778 -2.00884 2.40395 -1.06833 -1.10237 -1.03943 3.44895 1.69326 -0.381902 -0.60368 1.38573 0.756575 -1.6154 -0.147812 -1.61463 1.54897 -0.253253 -1.86452 -0.553235 1.90412 2.3665 -1.14714 -0.391912 -1.82339
0:-1.83204 -2.79994 2.91494 2.54972 -6.52449 -4.49676 -0.473223 -2.22553 -0.562383 -1.21598 2.85946 2.41296 -1.05831 -1.20673 -1.79017 4.7784 4.65022 -1.91752 6.49655 -1.85125 -0.70233 -0.250302 3.55719 3.35486 -0.072843 -1.71508 0.899441 -1.98874 -2.17048 -2.38351 -0.191997 1.77181 1.15632 -0.706735 -1.79778 4.70197 0.0683706 -2.45949 -1.26183 -0.518052
2:-2.14603 -2.6284 2.33419 3.10679 -5.23393 -4.56858 -2.6745 -0.1325 -1.52591 -2.21878 1.6857 2.09251 -0.628076 -2.27244 -0.632668 2.96572 5.44639 -1.22203 2.66704 -0.223819 -2.09794 -0.217782 0.145084 2.28516 -1.73981 -1.67382 2.45599 0.44321 -2.1075 -2.48626 -1.6258 3.13131 1.28906 -1.12571 -0.47267 5.19614 0.679746 -2.18706 -0.523586 -1.0813
0:-1.93441 -3.1297 2.87702 4.09045 -5.00403 -3.49272 -1.02362 -1.89143 -2.51081 -0.0473632 2.34585 0.596363 -1.22333 -3.2967 -2.48948 1.63439 5.64931 -2.40539 5.04629 -1.32232 -0.366882 -0.904539 1.95606 3.70382 -1.51137 -2.1415 2.26391 -1.30313 -1.23473 -2.84703 -0.0748105 2.97871 0.890279 -1.26668 -1.76476 3.96149 0.366816 -2.6358 -1.16751 -0.358507
1:-2.43597 -2.96163 2.04994 4.67898 -5.9771 -2.86402 -1.83735 -0.362565 -2.32415 -0.683623 -0.0548446 2.56382 -2.36409 -0.880392 -0.870104 1.74412 2.95409 -1.83219 2.41358 -1.67706 -1.20575 -1.98915 3.60181 2.17293 -0.453772 -0.530323 2.03917 0.620374 -1.89066 -0.629155 -1.44797 1.69451 1.6657 -0.858335 -0.978594 0.589038 2.75449 -1.14533 -0.126343 -0.752692
1:-2.54562 -4.00781 2.2722 3.58086 -5.09359 -2.50546 -3.13559 -0.265804 -1.84705 -1.22935 1.65875 3.77154 -0.485222 -1.67546 -1.47838 1.23061 5.91481 -1.44731 2.41428 -0.347966 -2.2143 -0.353355 1.27942 2.00553 -1.35603 -1.65251 2.01345 1.47883 -2.0051 -0.87173 -2.09161 1.89353 -0.251844 -1.40374 -0.410154 1.48896 2.97271 -0.943267 -0.895782 -2.077
1:-2.26994 -3.00158 1.44851 4.29837 -5.67577 -3.76132 -1.62084 -0.458629 -2.87527 -0.853561 -0.0256736 3.16266 -2.34427 -0.633233 -1.03621 0.941585 2.98724 -1.83096 2.32649 -1.66366 -1.28842 -1.99361 3.95071 2.3979 -0.563038 -0.588793 2.05517 0.611745 -1.88205 -0.594949 -1.6835 1.59107 2.14316 -0.903046 -0.579694 0.641091 2.73638 -1.03763 -0.329302 -0.634053
0:-2.69424 -3.60672 3.31209 4.06752 -4.92294 -2.28843 -0.986522 -1.52159 -2.38898 -0.616663 1.89004 4.52636 -0.725793 -2.56303 -2.35052 3.32228 3.22671 -2.13173 4.77543 -1.92708 -1.11539 -0.86905 4.76456 2.63572 -1.49806 -2.01826 -0.0287952 -1.50984 -1.19126 -2.9847 -0.349038 -0.150864 1.5872 -0.182136 -2.0553 3.20016 2.14827 -0.87376 -1.82024 -1.55339
0:-2.02823 -2.72612 3.16848 3.24442 -5.15769 -4.28878 -0.210935 -1.97116 -2.05994 -0.917049 2.72124 2.39761 -1.44995 -2.09521 -1.72785 3.41749 6.72749 -1.62362 1.8529 -0.521527 -0.217866 -1.11719 2.23898 3.2835 -1.43497 -2.23041 1.94146 -0.861658 -1.1639 -2.11169 0.372418 3.43145 0.723595 -1.36513 -2.15288 4.56136 1.26489 -1.52183 -1.83837 -0.287396
1:-2.35741 -3.40136 2.10596 4.21699 -5.22648 -2.72128 -2.522 -0.438196 -2.20583 -0.775193 0.951522 1.99963 -2.24214 -2.11801 -0.335304 2.34424 2.8268 -2.12254 2.53317 -1.34415 -1.96989 -0.355258 2.69631 1.69734 -1.70681 -0.837501 1.89819 0.696873 -1.86835 -0.450087 -1.88371 1.10226 -0.171153 -1.42417 -0.521294 2.56499 2.95485 -1.16996 -0.221698 -1.83562
2:-1.9394 -2.86324 2.02201 4.6141 -5.34684 -4.20259 -1.43052 -0.269254 -1.73223 -0.910405 2.54228 2.53657 -0.423433 -2.21937 -1.489 4.37 6.46562 -0.324724 3.24445 -0.267034 -2.2108 -0.307386 1.17679 1.70506 -0.960343 -1.62099 1.5299 0.0325843 -2.20832 -3.04421 -2.41107 1.59635 1.96747 -0.354884 -0.629883 4.31196 1.53788 -0.556237 -1.49417 -0.650206
1:-2.36507 -4.01985 2.94174 4.91617 -5.24018 -2.81207 -2.78691 -0.16158 -1.39984 -1.04743 1.12543 4.26258 -0.688484 -0.622227 -1.16862 0.711787 6.33874 -1.67065 3.08996 -0.664794 -2.17743 -0.186259 1.80668 0.962681 -1.19517 -1.7043 2.10096 1.66107 -2.29375 -0.868862 -1.20028 3.34235 -0.239938 -0.428307 -1.19357 0.190307 3.2227 -1.41929 -0.485223 -2.03638
1:-2.53096 -3.62153 2.95921 4.14126 -5.85192 -2.10842 -1.92058 -0.421351 -1.7723 -0.954516 0.954041 2.78421 -2.37671 -1.49214 -0.443438 2.04432 2.91129 -1.92726 2.50567 -1.32742 -1.1266 -1.39379 3.87364 1.71521 -0.418305 -0.345803 1.69294 0.485429 -1.59562 -0.283541 -1.25776 1.29786 -0.119585 -1.74459 -0.8272 1.86434 2.60831 -1.24024 -0.245388 -1.75709
1:-2.69036 -4.10141 3.15821 4.43041 -5.42653 -2.6735 -2.64569 -0.292797 -1.38683 -1.13178 1.36303 3.36717 -0.99918 -0.94476 -0.746534 0.568402 4.75366 -2.29486 3.2644 -0.505163 -1.73222 -0.115983 2.57947 0.86695 -0.857041 -1.17263 0.806659 0.895546 -1.96276 -0.105558 -1.29911 2.41596 -0.252062 -0.844291 -1.06532 1.47481 3.20051 -1.34425 -0.34457 -2.1268
2:-2.72697 -2.59226 3.41068 4.84595 -6.01942 -3.29856 -1.27927 -0.484597 -1.64621 -0.905517 1.88482 1.92244 -0.315921 -0.742398 -1.09629 3.82383 5.81193 -0.727612 1.84787 -0.118619 -2.40318 -0.720992 -0.0534746 2.25993 -0.923091 -0.601939 0.75331 -0.608389 -1.55905 -2.60865 -2.14025 1.96771 1.4838 -0.0881231 -1.49781 1.07205 1.07121 -1.52056 -1.99588 -2.0451
0:-2.02324 -3.42694 3.1218 4.32731 -5.40405 -4.32853 -0.74381 -1.99112 -1.90421 -0.297366 2.32416 2.22826 -0.415436 -1.75035 -1.41217 4.15963 6.43465 -0.97916 1.76293 0.00197703 -1.25412 -1.07131 0.997712 4.24749 -1.37289 -2.2361 0.937546 -0.711234 -1.09455 -1.92 -0.543712 0.0793452 1.1766 -0.680033 -0.842109 3.93679 0.899922 -0.215762 -2.07524 -0.883432
2:-2.65671 -2.56206 4.20052 4.15406 -5.4574 -3.5253 -1.40406 -0.368546 -0.924847 -2.39206 3.0027 0.45428 -0.89335 -1.80239 -1.30166 2.47779 5.18453 -1.32476 -0.03133 -0.345174 -1.38487 -0.806411 0.295406 4.02103 -2.26135 -1.34647 1.97963 -0.803582 -1.50572 -1.69594 -1.51024 3.2892 2.20772 -1.32815 -1.56844 4.12021 1.09328 -0.717537 -2.08799 -0.389791
2:-1.51502 -3.35283 2.11135 1.43711 -5.12335 -4.89539 -1.2775 -1.11698 -0.897912 -1.08841 1.66696 2.26798 -0.906769 -2.7304 -1.83157 3.16988 5.84916 -0.87407 1.20427 0.0459958 -1.5551 -0.669227 0.675552 3.21516 -2.27123 -1.79317 1.51398 -1.50353 -1.59645 -2.76139 -2.4965 0.434163 0.777729 -0.71759 -0.671079 5.51448 0.908821 -2.14202 -2.94317 -1.3364
1:-2.47529 -3.98696 3.38134 5.09095 -5.47678 -2.74996 -2.37804 -0.38939 -1.37518 -1.04393 0.989457 3.61838 -0.916671 -0.309955 -0.942688 0.5134 5.21591 -2.21305 2.97963 -0.737823 -1.95823 -0.389203 2.22108 0.689616 -0.723243 -1.37459 1.96158 1.68096 -2.11326 -0.674602 -0.911277 3.50867 -0.205026 -0.383228 -1.4727 -0.0336822 3.15148 -1.43193 -0.50184 -2.02434
2:-2.84682 -1.93076 3.66283 3.2251 -6.12758 -3.07481 -0.489012 -0.842868 -1.21044 -2.16288 2.62383 2.40757 -0.41944 -0.973998 -1.93967 5.3369 4.59113 -1.06231 3.90217 -1.16096 -1.70132 -1.01225 2.98528 1.07393 -0.475076 -2.22531 1.66423 1.52903 -1.81941 -2.44944 -1.06485 4.00064 1.70504 -1.75115 -0.5535 2.34209 2.94093 -0.642086 -1.68545 -2.02322
1:-2.60148 -4.03589 2.85948 4.17121 -5.21819 -2.50334 -2.76624 -0.222978 -1.35406 -1.16857 1.47193 3.5413 -1.11631 -1.5699 -0.637252 0.563729 4.17702 -2.14413 3.33268 -0.421515 -2.26754 -0.313393 2.63828 0.755913 -1.04506 -1.60585 2.04316 1.26066 -2.13897 -1.18378 -1.3096 2.94661 -0.179447 -0.395877 -1.43758 0.285427 3.37043 -1.42356 -0.387625 -2.12837
2:-3.24114 -2.63429 2.40828 5.30636 -5.65948 -3.38414 -2.02307 -0.616515 -1.3193 -2.3815 2.60938 -0.0176495 -0.998704 -1.69691 -1.23005 2.16131 4.34409 -1.24129 -0.0245276 -0.666083 -2.58301 -0.799406 1.82181 1.86744 -0.592615 -1.54085 0.796402 1.71054 -1.74065 -0.821217 -1.54159 1.68946 3.5365 -1.10933 -0.00596933 4.58365 2.165 -0.489573 -1.47143 -1.56245
2:-3.11485 -3.88388 2.69374 4.53167 -5.27207 -2.71779 -2.17925 -0.235789 -1.16604 -1.12429 1.31004 0.773129 -0.201679 -0.737043 -1.00381 1.92531 5.37458 -1.19941 2.88937 -0.158126 -2.23189 -1.13475 -0.0756465 2.7331 -0.7663 -0.799232 0.700081 -0.21062 -1.57544 -2.22067 -2.52535 3.16035 1.50004 0.737941 -1.26562 1.88876 1.07338 -1.20309 -0.76061 -1.71664
1:-2.49749 -3.61798 2.84473 4.13988 -5.64134 -2.27236 -2.35464 -0.377686 -1.77588 -0.88774 0.667376 2.09252 -2.30461 -1.69392 -0.467903 2.24709 2.91431 -2.06449 2.58959 -1.44238 -1.23492 -1.32523 3.88665 1.79061 -0.455828 -0.355649 2.04388 0.446995 -1.61666 -0.290539 -1.52358 0.774149 -0.0424935 -1.56046 -0.483779 2.00411 2.62451 -1.11427 -0.269394 -1.55269
2:-2.57119 -2.71883 2.48945 5.58174 -5.62398 -3.45074 -2.23903 -0.257308 -1.50843 -1.37781 1.28212 1.17667 -1.78084 -1.39367 -0.768286 1.8929 2.87438 -1.78171 0.848211 -1.44743 -1.65444 -0.0198575 1.92556 1.43317 -0.553106 -1.7325 1.97734 1.16997 -1.59897 -1.00887 -1.68593 1.67911 1.21729 -0.484403 -1.08678 1.03479 1.08408 -0.773427 -1.4775 -1.90093
0:-1.94053 -2.4807 1.81792 1.7625 -6.54884 -4.18539 -0.541926 -1.6623 -0.164089 -1.94471 3.35413 1.36272 -1.19772 -1.8737 -2.21016 3.79787 6.67978 -2.00919 4.17685 -0.375866 -2.1296 -0.920941 0.627178 4.1618 -0.485252 -1.39043 1.42541 -1.70984 -1.47201 -1.55875 0.175271 3.30816 1.79599 -1.48435 -0.500235 4.13057 2.45201 -3.31503 -0.594778 -2.13119
2:-3.03783 -3.51767 2.83264 5.3162 -5.46493 -2.89077 -2.30822 -0.380618 -1.09656 -0.997732 1.35875 1.8941 -0.454592 -0.732924 -0.52028 3.08115 6.51548 -1.09755 4.03682 -0.239692 -2.54138 -0.262021 1.36092 1.68929 -0.791665 -1.2245 1.74267 1.05651 -2.01331 -1.68799 -1.37166 2.10207 0.157932 -0.0907845 -0.882795 3.23996 2.36239 -1.27003 -0.0914931 -1.06936
1:-2.27757 -3.15403 2.41162 4.4469 -5.69766 -2.73679 -1.58238 -0.518383 -2.48083 -0.662886 0.0369461 2.83361 -2.49598 -1.30041 -0.737242 1.95206 3.02145 -1.79717 2.08804 -1.58774 -1.44173 -1.36061 4.24736 1.36782 -0.974204 -0.294032 2.00048 0.196738 -1.88517 -0.40422 -0.873959 1.53067 0.441417 -1.67143 -1.10979 1.61913 3.51224 -1.38561 -0.13934 -1.65293
2:-1.82004 -2.73279 2.49322 4.38108 -5.44336 -3.8096 -2.45953 -0.146055 -1.57011 -1.12284 2.24068 2.83189 -0.362257 -1.351 -0.471763 2.86084 6.10744 -1.3928 3.61635 -0.244488 -2.32372 -0.240839 1.67433 1.24165 -1.25723 -1.63408 2.30187 1.17943 -2.14003 -2.03146 -1.76377 2.64395 0.740189 -0.177654 -0.848537 4.51243 1.4686 -1.41364 -0.117177 -1.27399
2:-3.27215 -2.17323 2.71696 4.91479 -5.99191 -3.44583 -0.674854 -0.703689 -1.31648 -1.96166 1.70727 1.29666 -0.596638 -1.25276 -1.82383 4.91997 6.70227 -1.2274 2.87555 -0.126178 -2.7617 -0.766173 -0.214403 2.71637 -1.49587 -1.13427 0.514052 -0.872427 -1.25551 -1.77731 -1.90101 1.79672 3.7287 -0.241661 -1.28507 5.22251 2.15073 -0.611907 -2.09758 -1.0521
1:-2.64729 -3.27715 2.39235 4.26389 -5.52806 -2.62064 -2.63708 -0.410682 -1.84759 -0.946242 1.23258 1.58189 -2.04592 -2.04297 -0.186804 2.46192 2.65532 -2.09505 2.93432 -1.01706 -1.69023 -0.930718 3.4673 1.19407 -0.933071 -0.428542 1.90602 0.416024 -1.94746 -0.325091 -1.88691 0.695502 -0.0599421 -1.56555 -0.193937 2.50564 2.5309 -1.07808 -0.291159 -1.33935
1:-2.5712 -3.7784 2.4891 3.98577 -5.4083 -2.45427 -2.82125 -0.343005 -1.85315 -0.951709 1.67813 1.53893 -1.82718 -1.95937 -0.340349 1.86876 2.87902 -1.93466 2.42365 -0.946203 -1.66175 -1.12832 3.70777 1.49297 -0.807022 -0.506953 1.7114 0.583403 -1.89326 -0.318574 -1.95226 0.315148 0.0858275 -1.3895 0.393982 2.19098 2.4034 -0.908062 -0.536111 -1.37438
0:-1.34874 -3.27204 1.91346 3.67064 -5.90403 -3.73603 -0.438148 -1.36466 -0.593684 -0.76662 1.6248 2.0613 -1.71279 -2.26291 -2.30578 1.03939 6.11021 -1.8695 2.94876 -1.02916 -1.81524 -0.485041 4.09187 3.14106 -0.361888 -0.586634 0.13715 -1.11684 -1.99041 -1.4302 -0.287743 1.28382 1.77584 0.508612 -1.84371 3.99482 1.04104 -2.7353 -0.887177 -0.906438
0:-2.06921 -3.16655 2.44371 4.48691 -5.40582 -4.44455 -0.637319 -1.97866 -1.48907 -0.534253 2.56471 0.993526 -1.3922 -1.96377 -1.4596 3.29398 6.06388 -1.16371 0.781118 -0.374452 -1.42429 -0.861289 1.16824 4.45107 -0.788543 -2.00059 1.23354 -1.41063 -1.24024 -1.63461 -0.0329261 2.53187 1.98514 -1.00245 -1.62462 5.9243 1.01974 -1.15415 -2.27576 -0.416703
1:-2.46492 -3.64188 2.88255 4.27131 -5.6915 -2.26224 -2.27366 -0.350389 -1.69108 -0.936639 1.02853 2.65485 -2.33897 -1.77364 -0.413259 1.81266 2.70506 -1.97045 2.43992 -1.36471 -1.18089 -1.37044 3.82567 1.77117 -0.401889 -0.337765 1.7959 0.506175 -1.60795 -0.309538 -1.47927 1.05561 -0.0711878 -1.89254 -0.542096 1.97547 2.6332 -1.21755 -0.276763 -1.50784
1:-2.62462 -3.79868 2.6815 4.13734 -5.32052 -2.41128 -2.85008 -0.288573 -1.56011 -1.00088 1.36369 1.67347 -1.87858 -2.0326 -0.214576 1.93406 3.22907 -2.16287 3.05347 -0.765429 -1.80311 -0.17146 2.76982 1.24719 -1.17395 -1.34469 1.5845 0.889848 -1.95201 -0.270646 -1.68469 2.23643 -0.290684 -1.27259 -0.766888 1.73925 3.03206 -1.2572 -0.376877 -2.06736
2:-2.12956 -2.6755 2.66632 2.19274 -6.33448 -4.14941 -1.10702 -1.37414 -0.650504 -1.81661 2.23187 1.53433 -0.456101 -1.13638 -1.31314 3.989 6.00797 -0.79841 1.89719 0.136779 -2.02238 -0.360353 0.0728444 2.25601 -0.978493 -1.88306 0.810876 0.269264 -1.76221 -2.09603 -2.25459 2.23237 1.91637 -0.149388 -1.10145 3.48776 0.598957 -0.753941 -1.80234 -2.07522
1:-2.55424 -3.63288 3.31659 4.48237 -5.7932 -2.29698 -2.36497 -0.308156 -1.32861 -0.952004 0.886269 2.00557 -2.28333 -1.62184 -0.329296 2.24583 3.01473 -1.98897 2.63385 -1.43773 -1.07905 -1.36733 3.66472 1.66638 -0.275751 -0.331011 2.03119 0.472985 -1.51784 -0.31555 -1.40121 1.0306 -0.0581793 -1.42898 -0.557315 1.97747 2.87453 -1.18585 -0.258911 -1.63413
2:-2.98586 -3.36251 2.42057 3.91619 -5.42022 -2.69341 -2.84227 -0.197047 -1.42375 -1.01604 0.839913 2.34684 -0.367951 -1.18182 -0.790475 3.86286 7.02134 -1.12898 4.2386 -0.369427 -2.3314 -0.345789 -0.0690164 3.04204 -1.71413 -0.945199 1.90215 -0.106358 -1.96566 -1.98525 -1.00218 4.38229 0.976017 -0.840714 -0.231044 4.48236 1.78514 -1.58494 -0.268769 -1.20461
2:-3.42559 -2.71998 3.19145 5.02706 -5.66972 -2.76236 -1.41639 -0.846609 -1.12917 -2.65863 2.62899 -0.0548412 -0.725288 -1.31721 -1.06862 2.20399 5.25462 -1.55848 0.654769 -0.398795 -2.21352 -0.40403 1.04174 1.46665 -1.12045 -1.09425 1.33624 1.83584 -1.99592 -1.02664 -1.66925 2.82389 3.48372 -0.588734 -0.750965 4.39061 0.15508 -0.647889 -1.51795 -1.70106
1:-2.72137 -3.90257 2.69452 3.67389 -5.28536 -2.33577 -2.7035 -0.536468 -1.96429 -1.14952 1.15691 3.88907 -1.13053 -1.91103 -0.864405 1.01725 3.57385 -2.51084 3.14955 -0.659517 -1.82362 -0.314382 2.52125 1.48864 -1.60086 -1.56731 1.95378 0.992898 -2.06903 -0.297799 -1.64599 2.22067 -0.307483 -1.30854 -1.16075 1.73334 2.8727 -1.26279 -0.302658 -2.17375
2:-2.12032 -2.69062 3.43101 2.95655 -5.47509 -3.74419 -2.4034 0.302045 -1.7404 -1.21455 0.288764 3.08601 -0.245202 -0.914368 -0.792529 4.81188 5.42749 -2.32711 3.94004 -0.671564 -1.60982 -0.572993 1.89339 3.50458 -2.0605 -1.05313 0.379812 -0.642041 -1.81287 -3.01614 -0.234475 3.71032 1.87808 -0.82088 -0.674185 4.6692 1.74283 -1.52714 0.274518 -1.62136
2:-2.48262 -2.69541 2.44826 5.74176 -5.26723 -3.58537 -2.50033 -0.156708 -1.37046 -1.37749 2.05134 0.64304 -1.24105 -2.06195 -0.923763 1.61268 4.02064 -1.24238 0.838049 -0.696578 -2.71232 -1.52485 -0.023387 2.70298 -2.02358 -0.724309 1.42456 -0.771685 -1.16511 -1.79544 -2.176 2.17352 4.29281 -0.647694 -0.275169 3.34501 3.26266 -0.703042 -1.07887 -1.59534
0:-2.20412 -2.69386 2.56184 4.1627 -5.04081 -3.77329 -0.366455 -1.57796 -2.65208 -0.536343 1.94015 2.56093 -1.40239 -2.35475 -1.70744 3.45786 5.69406 -1.63936 1.28094 -0.530272 -0.742136 -1.19205 0.978926 4.12173 -1.64748 -1.91193 2.07723 -0.620747 -0.97756 -1.86966 0.453339 4.92524 0.765867 -1.74691 -2.18862 3.60659 1.58282 -1.89611 -1.70405 -0.858659
0:-1.4525 -3.35367 1.72298 3.92983 -5.52778 -3.87057 -0.284386 -2.28186 -1.33195 -0.352359 2.60473 2.25 -1.16046 -2.69842 -2.49403 4.31131 5.77927 -1.76377 4.63266 -0.743207 -1.12522 -0.52269 4.38823 3.18723 -0.498843 -1.97757 0.222898 -2.02618 -1.98777 -2.67645 -0.20307 2.51784 2.1352 -0.836713 -1.45073 5.88143 1.29304 -3.0694 -1.16504 -0.803089
0:-1.53041 -3.50075 2.48375 2.93411 -6.27301 -3.99856 -0.567532 -1.37355 -0.756918 -1.55399 1.39808 1.71234 -0.974654 -2.50236 -2.41049 -0.00379608 5.12611 -2.28279 4.81867 -1.37003 -1.62825 -0.409852 2.90342 3.73603 -0.110303 -1.04216 0.971358 -1.63325 -2.05416 -1.84171 -0.155963 2.46425 1.09204 -0.308508 -1.27499 3.95266 0.67745 -2.88826 -0.549649 -0.811723
2:-1.9632 -2.84313 2.97407 3.5306 -5.47182 -3.87214 -1.83083 -0.0704638 -1.81566 -0.776409 1.89984 3.73214 -0.556355 -1.05123 -0.733248 4.55397 5.91477 -0.0790598 3.98398 -0.914946 -2.36661 -0.91728 1.25144 4.35088 -1.77755 -0.837831 0.350064 -1.0966 -1.3971 -2.28692 -1.0476 2.70623 0.881709 0.9138 -0.473597 4.97289 1.40362 -2.0179 -0.47793 -1.68493
1:-2.49361 -3.26835 2.59019 4.29536 -5.68102 -2.43328 -2.28513 -0.465327 -1.88278 -0.845757 0.339053 2.28537 -2.43108 -1.58993 -0.425415 2.44891 2.83796 -1.89573 2.56426 -1.58247 -1.52792 -1.2793 3.62889 1.00736 -0.780452 -0.188415 2.3275 0.252117 -1.90767 -0.422635 -1.60109 1.03535 -0.0701378 -1.55113 -0.574738 2.37592 2.87735 -1.22168 -0.14294 -1.42209
2:-1.87036 -3.01175 2.62718 2.21627 -6.35385 -3.37653 -0.880942 -0.431519 -0.834331 -1.77533 1.45019 1.59065 -1.45073 -0.94295 -1.33777 0.887185 4.55146 -1.11867 0.335668 -0.765069 -2.36075 -0.995718 1.19908 1.03298 -1.12602 -0.568957 1.4112 1.16562 -1.71409 -1.09153 -1.61555 2.87099 1.41886 -0.0645906 -1.55315 1.36277 1.15638 -0.859955 -2.06304 -2.36519