2:-3.52888 -2.78573 2.70603 2.70701 -5.2698 -3.33997 -2.19877 -0.659273 -1.91004 -2.25762 -0.0645859 0.99076 -1.48715 -1.96706 -0.667048 2.50469 3.32785 -2.58028 3.51861 -0.618875 -2.32123 -0.809604 0.79959 3.80689 -2.49503 -1.09616 1.91229 -0.14361 -1.51673 -2.03431 -0.15569 3.6365 1.88009 -0.897401 -0.494787 4.56942 1.44348 -1.78078 -0.0723183 -2.34973
1:-2.74941 -4.12739 3.2434 4.41199 -5.4478 -2.66432 -2.58738 -0.307592 -1.34452 -1.12968 1.33917 3.43965 -1.12669 -0.87133 -0.658471 0.687085 4.15002 -2.23206 3.35306 -0.523544 -1.74893 -0.11231 2.61817 0.810355 -0.824458 -1.4397 1.03721 1.01033 -1.9763 -0.177504 -1.37385 2.46686 -0.222293 -0.628863 -1.16657 1.17847 3.34826 -1.3575 -0.350772 -2.15887
0:-2.00693 -3.51391 1.72894 3.48751 -4.80697 -3.97473 -1.35184 -1.99385 -1.9916 -0.32919 2.07134 0.759675 -1.70835 -2.63513 -2.14945 4.06435 5.66912 -1.90521 1.17973 -0.578079 -1.77057 -0.666052 1.04983 4.35003 -1.16624 -1.99261 1.26979 -1.08647 -0.865468 -1.98713 -0.448391 0.440144 1.91425 -0.856496 -1.85979 5.57911 1.08359 -1.27316 -2.06287 -0.541502
1:-2.62244 -4.09041 2.83217 4.30358 -5.2703 -2.68408 -2.91822 -0.186645 -1.40922 -1.1331 1.68787 3.81504 -0.754305 -1.48948 -0.938174 0.415623 4.99946 -1.99977 2.96601 -0.51713 -1.79328 -0.197629 2.3291 1.16426 -0.958583 -1.55011 1.41865 1.29872 -2.03158 -0.242216 -1.71809 2.58877 -0.294421 -1.05196 -0.957354 1.13643 3.04217 -1.28909 -0.436675 -2.11911
0:-2.08678 -2.58759 3.90095 3.02986 -6.00612 -4.17534 -0.314071 -2.06243 -1.05605 -1.08201 3.37816 3.01203 -0.950239 -1.36978 -1.79148 5.19228 5.1618 -1.84481 5.13403 -1.40058 -0.463047 -0.661109 2.43208 3.46867 -0.380268 -1.89684 1.31695 -1.36305 -1.40412 -2.02278 0.322927 3.99778 0.968644 -1.26949 -1.59451 4.56213 1.49284 -2.46896 -1.23239 -0.566783
0:-1.83841 -3.08801 2.55372 3.71588 -5.15879 -3.86082 -0.258997 -2.13251 -1.85571 -0.242586 2.59876 3.13284 -1.0534 -2.28641 -1.91625 3.85027 6.42777 -1.6166 2.32794 -0.429751 -1.18869 -1.08893 0.344085 4.76956 -1.14254 -1.7425 1.66099 -0.984999 -0.790327 -1.52571 0.253736 5.31039 1.27698 -1.68965 -2.45579 2.85361 2.35647 -2.16729 -1.94499 -1.04379
1:-2.48353 -3.51667 2.35827 4.34746 -5.48735 -2.61966 -2.71935 -0.288909 -1.8596 -0.875496 1.21665 1.65544 -2.14732 -1.95412 -0.190836 2.51882 2.84592 -1.93528 2.79634 -1.21641 -1.33707 -0.518426 3.38513 2.01069 -0.907882 -0.939936 1.67776 0.983914 -1.94174 -0.134967 -1.86482 0.599239 -0.0997566 -1.13519 -0.402393 2.67562 2.76914 -1.11762 -0.143808 -1.54358
0:-1.36024 -3.67624 1.42148 1.69605 -5.59886 -3.89076 -0.438466 -2.81136 -1.36191 -0.68009 3.51497 1.75285 -0.30923 -2.48518 -2.64796 4.3836 5.9923 -2.30673 5.17609 -1.2331 -2.15721 -0.37088 1.24909 3.99129 -1.05421 -1.86792 1.69366 -2.40299 -1.54822 -2.73962 -1.47014 0.155577 2.58369 -0.891847 -1.66652 5.03932 0.493821 -2.06831 -1.96749 -0.670475
0:-2.44932 -2.61803 2.28707 5.20489 -5.05526 -3.72626 -0.957576 -1.66226 -2.66651 -0.761929 2.5406 2.40182 -0.933673 -2.63365 -2.14616 4.11793 6.52174 -1.44565 1.46072 -0.352249 -1.44633 -0.746215 0.490501 4.09928 -1.66867 -2.20902 1.97586 -0.595354 -0.978685 -2.02312 0.670995 3.79183 1.10247 -1.56324 -1.80323 5.33121 1.72512 -1.47189 -2.16835 -0.507798
1:-2.54804 -2.76604 1.90263 4.44661 -5.69319 -3.22642 -1.90311 -0.454866 -2.60202 -0.861278 -0.08043 2.93295 -2.53362 -1.10939 -0.841367 1.81085 3.05696 -1.91066 2.42241 -1.73513 -1.4215 -1.20666 4.41214 1.92835 -0.817542 -0.380634 2.29091 0.404459 -1.74871 -0.266263 -1.52641 0.944568 -0.108273 -1.57174 -0.538854 2.37681 2.6116 -1.15398 -0.200262 -1.60494
1:-2.23916 -3.15381 2.251 5.00749 -5.92952 -2.84389 -2.16502 -0.339688 -2.17702 -0.726854 0.188808 2.66971 -2.4418 -1.17661 -0.708071 1.91263 2.76339 -1.85219 2.24496 -1.68727 -1.1624 -1.83111 3.32879 1.90565 -0.36147 -0.48931 1.57416 0.615544 -1.6176 -0.562494 -1.45909 0.584431 1.29734 -1.48403 -0.410761 0.855202 2.63103 -1.09664 -0.371842 -0.902259
2:-2.22515 -2.33389 3.19951 1.63968 -6.4641 -3.65707 -0.22573 -0.920465 -0.880582 -1.43478 2.23671 2.4288 -0.600026 -0.913197 -1.95253 5.4939 3.85813 -1.1017 4.44442 -1.52723 -2.37457 -1.04421 3.12998 1.94216 -0.202715 -1.56991 0.64275 0.230769 -1.86037 -3.22225 -1.14844 1.75987 3.36988 -0.224628 -0.614809 4.08545 2.98959 -0.615917 -1.46838 -1.71102
1:-2.22584 -3.17135 1.95315 4.7151 -5.64064 -2.92887 -2.2179 -0.29177 -2.32412 -0.666437 0.0702978 2.77407 -2.53025 -1.46368 -0.650063 2.06288 2.72684 -1.88864 2.32537 -1.69939 -1.40216 -1.18088 3.81962 1.55283 -0.649834 -0.383804 1.82516 0.571039 -1.73027 -0.287106 -1.77986 0.96244 -0.163232 -1.84402 -0.490724 2.16954 2.44968 -1.13436 -0.33657 -1.67794
2:-2.27887 -2.83705 3.20959 2.53968 -5.68775 -3.507 -1.86442 -0.377428 -1.26582 -1.56092 1.1862 1.40306 -1.84365 -1.74458 -0.313888 2.09687 3.1089 -2.08497 2.62108 -0.823129 -1.52018 -0.269582 1.64385 1.57474 -1.67857 -1.40059 2.32619 1.24427 -2.27734 -1.94472 -0.490061 2.15528 0.398008 -0.289977 -1.36474 3.71377 0.74637 -2.30831 -0.437616 -1.06949
1:-2.53222 -3.6825 2.40018 4.07305 -5.15779 -2.45765 -2.83572 -0.453011 -2.03076 -0.961303 1.4442 2.16259 -1.66643 -2.3408 -0.276156 1.60729 3.56942 -2.25116 3.0037 -0.808999 -1.93491 -0.38548 3.05873 1.56118 -1.62906 -0.766882 1.58629 0.534519 -1.87088 -0.341773 -1.57777 1.49494 -0.237756 -1.56506 -0.511219 2.56099 2.86782 -1.2112 -0.298322 -1.86541
1:-2.6526 -3.2471 3.15482 4.49736 -6.0449 -2.41459 -1.99987 -0.417978 -1.54688 -0.87942 0.290457 2.38746 -2.35294 -0.883727 -0.491633 2.05297 3.50252 -1.8547 2.45848 -1.65485 -1.32313 -0.652417 3.30839 1.4662 -0.492758 -0.779689 0.757128 0.696349 -1.70598 -0.0838427 -1.03358 2.04226 -0.229103 -0.925145 -1.14906 1.56602 2.99437 -1.27413 -0.306063 -2.16889
2:-2.68718 -3.5408 3.80103 3.05348 -5.35661 -2.10164 -2.14552 -0.367716 -1.53225 -1.03616 1.97007 1.90173 -0.901644 -1.013 -0.553405 1.6253 4.37837 -2.60074 2.62261 -0.563992 -1.64404 -1.2241 1.2376 2.26519 -1.31522 1.344 1.6059 -0.720375 -2.42384 -2.26527 -1.32872 1.52611 0.46495 -0.448252 -1.69521 -0.0413661 2.55436 -2.05159 -1.80937 -1.89797
1:-2.25205 -2.88666 1.19662 4.49777 -5.6289 -4.15959 -2.11947 -0.404526 -2.77977 -0.848625 0.0553204 2.42316 -2.24584 -1.10435 -0.941095 1.54659 2.48871 -1.69639 2.05602 -1.64946 -1.41129 -1.86303 3.83516 2.1901 -0.599092 -0.665736 1.56897 0.611973 -1.9124 -0.579038 -2.03095 2.91291 3.87036 -0.766521 -0.592256 1.07638 1.79781 -0.840242 -0.796687 -0.33576
2:-3.49552 -3.57653 2.85174 4.47624 -5.35133 -2.396 -1.21578 -0.0121519 -1.13197 -1.33315 1.76656 0.572108 -0.646279 -0.444715 -1.0315 1.89091 5.41873 -1.06584 1.95716 -0.350645 -2.13568 -1.31489 1.93427 3.66674 -1.50175 -1.07204 0.245346 -0.474844 -1.25543 -1.53451 -1.95659 2.74148 1.82212 -0.0124763 -1.14491 1.90394 1.64973 -0.902767 -0.964928 -2.0441
0:-2.24762 -3.10444 1.96395 3.46824 -4.97633 -3.25689 -0.803371 -1.43212 -2.95864 -0.252414 1.9135 3.13304 -1.31098 -2.0999 -1.83028 3.92815 5.88669 -1.36484 1.59689 -0.260104 -1.72342 -1.02924 0.639813 3.73322 -2.79023 -1.77405 2.48183 0.0514625 -1.63551 -1.5511 0.750118 4.20196 0.393696 -1.6319 -2.24011 3.92289 1.26385 -1.09685 -1.9567 -0.527196
1:-2.6753 -3.99528 3.15305 4.16632 -5.42737 -2.50904 -2.63488 -0.366437 -1.29784 -1.12858 2.00845 3.00728 -1.26846 -1.52316 -0.483789 0.634305 4.00308 -2.25383 2.82924 -0.540049 -1.63825 -0.314822 2.5969 1.18083 -0.75634 -1.2626 0.974365 1.13296 -1.99349 -0.059196 -1.36573 2.82094 -0.32112 -1.0672 -1.27798 1.01994 2.82506 -1.31122 -0.400131 -2.14204
0:-1.30454 -3.33889 1.7959 3.00354 -6.10164 -4.06795 -0.335447 -1.5734 -0.984548 -0.559489 2.02758 1.72475 -1.05826 -2.73584 -2.23681 0.237322 4.48159 -2.1227 5.03055 -1.34835 -2.36331 -0.537211 2.39049 4.11744 -0.0527316 -0.954929 0.821631 -1.56334 -1.94499 -1.53871 -0.285975 1.39322 1.48848 0.14033 -1.381 3.86209 0.954715 -3.04229 -0.295027 -1.10061
0:-1.86591 -2.77531 1.84777 2.8973 -5.99518 -4.58667 -0.0765425 -2.3408 -0.970233 -0.697359 3.47875 2.17121 -0.830369 -2.03822 -2.1004 4.68841 6.11878 -1.86342 5.43842 -1.24381 -1.14122 -0.704956 1.37 4.15211 -0.632947 -1.90423 1.57069 -1.71856 -1.1659 -2.22295 -0.11927 3.34892 1.95159 -1.01576 -1.4123 5.67538 1.28911 -3.00985 -1.35669 -0.834115
2:-3.12218 -2.23294 3.49267 3.30525 -6.08478 -3.22131 -0.65019 -0.951265 -1.5424 -2.51078 2.0131 2.67259 -1.01854 -0.796105 -1.73038 4.60308 6.21792 -1.29606 4.4037 -0.876642 -1.36595 -0.34184 1.40375 1.51368 -0.619889 -1.6692 0.412463 -0.375859 -2.00766 -2.75176 0.357821 0.9015 3.04887 -1.07577 -1.70141 4.68629 2.83432 -0.752303 -1.51728 -0.813543
1:-2.23886 -3.31029 1.97473 4.14887 -5.51928 -2.62946 -2.156 -0.385138 -2.32954 -0.719483 0.590817 2.5607 -2.49002 -1.77604 -0.463598 2.33906 2.58392 -1.91401 2.42705 -1.51964 -1.39619 -0.528148 3.51347 1.92057 -1.04721 -1.00774 1.47662 0.833753 -1.94946 -0.0521914 -1.94019 1.42044 -0.255779 -1.59128 -0.680059 2.06548 2.63206 -1.10683 -0.359089 -1.98412
2:-1.4456 -4.15567 1.53574 2.66741 -6.0363 -3.81689 -1.18445 -0.686146 -0.839708 -0.950433 0.689853 0.620743 -1.10345 -1.31276 -1.96499 0.552406 4.21018 -1.11536 -0.0801233 -0.841304 -2.45648 -0.997798 2.93263 1.93685 -0.357578 -1.32254 0.910935 0.799577 -1.58547 -0.957182 -1.23656 2.63523 1.77305 -0.0365391 -0.357162 3.76668 2.5052 -1.03049 -1.10638 -2.22573
2:-2.61171 -2.40224 3.46314 4.19188 -5.98402 -3.77198 -1.39846 -0.490125 -1.58869 -1.70395 1.4779 2.28525 -0.0430042 -0.745579 -1.60756 5.29999 5.98566 -0.485319 2.77354 -0.0790309 -2.42691 -0.846279 -0.0575242 2.22784 -0.844057 -1.29133 -0.00453568 -0.594384 -1.68017 -3.14211 -2.31129 2.7397 2.73041 0.409079 -1.37869 2.96654 0.653527 -0.721423 -1.83783 -2.26207
1:-2.61202 -4.04698 2.90973 3.91452 -5.24216 -2.57224 -2.85575 -0.157381 -1.6363 -1.1243 1.27495 3.7727 -0.684567 -1.22569 -1.01583 1.02614 5.26731 -2.08259 3.50378 -0.310803 -2.13926 -0.132081 2.81109 1.82846 -1.34606 -1.58761 1.76599 1.14097 -1.97133 -0.644 -2.01215 1.84639 -0.175143 -0.954531 -0.602244 1.26618 3.19842 -1.16501 -0.504759 -2.10662
1:-2.26594 -3.03873 1.6642 4.21212 -5.26548 -3.78398 -2.48172 -0.63296 -2.65385 -0.567814 0.529628 1.64192 -2.23237 -1.52229 -0.562739 2.59546 2.54836 -1.75928 2.05296 -1.65476 -2.04173 -1.21598 3.25439 1.28036 -1.41111 -0.555455 1.48428 0.457933 -2.04575 -0.492104 -2.07192 0.934827 1.83373 -1.60238 0.138148 2.32958 3.04331 -1.01492 -0.326334 -0.868513
1:-1.96705 -3.12499 1.54401 4.7735 -5.78141 -3.60445 -1.88831 -0.393496 -2.7403 -0.815923 0.285861 2.98815 -2.31209 -0.782935 -0.903642 1.13527 2.71886 -1.76251 2.10699 -1.64843 -1.21598 -2.0616 3.23576 2.22598 -0.415021 -0.619379 1.54865 0.644091 -1.80967 -0.685834 -1.51696 1.91756 2.02578 -1.02659 -0.519424 -0.0381943 2.55585 -1.0434 -0.566446 -0.619954
0:-1.80622 -3.27017 2.84396 4.04982 -5.45902 -3.39409 -0.104717 -2.1102 -1.646 -0.074585 2.77363 3.14019 -1.07553 -2.27155 -1.76767 3.15293 5.28991 -2.00962 3.90471 -0.968496 -0.913544 -0.933569 1.03067 4.65929 -0.80882 -1.89971 1.77722 -1.24619 -0.892616 -1.58226 0.36068 5.16205 1.00816 -1.75073 -1.63384 2.94003 1.65341 -2.73594 -1.03795 -1.20279
2:-2.39596 -2.25964 4.43729 2.20507 -6.05882 -3.60027 -0.398082 -0.611128 -1.11309 -2.05824 3.15651 2.73653 -1.0115 -0.963723 -1.82801 5.01287 5.02772 -1.51815 4.96622 -1.53595 -0.611293 -0.502501 1.78418 1.05019 -1.30765 -0.913826 0.212566 -0.802101 -1.92494 -2.99076 -1.1056 1.6353 1.82542 -0.171365 -1.87627 4.53147 1.11012 -1.08645 -2.25126 -1.19882
1:-2.51224 -3.94679 2.82946 3.8864 -5.19689 -2.5541 -2.89114 -0.247838 -1.69743 -1.14498 0.848561 4.63887 -0.705583 -1.35089 -1.26011 0.697208 5.36746 -2.36561 2.992 -0.790217 -2.36757 -0.284844 0.954325 1.83592 -1.99556 -1.41424 2.1293 1.84902 -2.22769 -1.03035 -0.580565 3.47821 -0.237793 -0.363151 -1.31058 0.170249 2.85455 -1.41258 -0.497913 -2.03376
2:-1.56572 -3.30558 2.09789 2.67115 -5.76667 -4.14506 -0.185563 -2.11344 -1.18285 -0.535294 2.51467 2.80641 -0.765887 -1.97951 -2.05829 3.31539 5.68838 -0.75991 1.69844 -0.370876 -2.39127 -0.475274 1.19715 1.93018 -0.828644 -2.00335 0.300698 1.4838 -1.76702 -0.972787 -1.86455 1.97927 3.80042 -0.564496 -1.1621 3.73484 2.85322 -0.337043 -1.62989 -1.43224
0:-2.02713 -2.67858 2.14228 1.86891 -6.43543 -3.80152 -1.20359 -0.92323 -0.165142 -1.85578 3.06273 0.786486 -1.63688 -1.67022 -1.85985 3.11606 5.80998 -1.66837 0.363394 -0.526915 -1.41566 -0.540988 3.33765 3.00084 -0.45648 -1.10064 1.0177 -1.13917 -2.47667 -1.73417 0.352791 3.74957 1.36008 -0.959355 -1.06378 5.41768 2.85894 -2.79216 -1.75633 -1.58519
1:-2.66281 -3.59611 2.56888 4.14734 -5.29074 -2.48731 -2.80983 -0.384129 -1.75585 -0.985484 1.38906 1.71363 -1.8669 -2.14303 -0.20453 2.0324 3.17142 -2.21189 3.04687 -0.802959 -1.77164 -0.461563 3.34361 1.52785 -1.24469 -0.705955 1.66224 0.526759 -1.93059 -0.252416 -1.84101 1.16384 -0.199586 -1.60466 -0.437961 2.52796 2.80738 -1.16016 -0.246985 -1.81329
0:-2.35812 -2.79932 2.82203 4.33684 -5.39186 -4.01882 -0.262035 -1.98933 -2.23449 -0.482365 2.16472 2.52485 -0.985744 -1.36466 -1.50785 4.31566 6.85726 -1.29333 2.39138 -0.142647 -1.60827 -0.879649 0.335711 4.0459 -2.02786 -1.69846 1.83337 -0.126598 -1.09324 -1.50391 0.817801 3.00566 0.789869 -1.19861 -1.89158 4.36721 1.42035 -0.911799 -1.64157 -0.374027
1:-2.65558 -4.09828 2.5347 3.88406 -4.97315 -2.51707 -3.10886 -0.231555 -1.82379 -1.11065 1.48256 3.68163 -0.914078 -1.89753 -1.01038 1.41295 4.63326 -1.77245 3.12329 -0.323636 -2.33662 -0.115116 1.81069 1.81641 -1.55738 -1.78057 2.42088 1.1563 -2.09097 -1.45838 -1.8854 2.57397 -0.203002 -0.603133 -0.867512 0.774241 3.41391 -1.30643 -0.450252 -2.10287
1:-2.56027 -3.87277 3.04519 4.39718 -5.52221 -2.33461 -2.52449 -0.295791 -1.28088 -1.04922 1.31328 2.04195 -2.02211 -1.74767 -0.261109 1.71517 2.93662 -2.01582 2.82596 -0.972475 -1.94249 -0.115562 2.5002 1.07022 -0.892723 -1.23955 1.09194 1.14995 -1.95244 -0.226305 -1.47757 2.63059 -0.286494 -1.00223 -1.0607 1.28773 3.07271 -1.31309 -0.383736 -2.09148
1:-2.39782 -3.07164 2.07635 4.53975 -5.74245 -3.1044 -1.78657 -0.346943 -2.43942 -0.658769 -0.0819978 2.68635 -2.50721 -1.08488 -0.810132 2.07679 3.16827 -1.93892 2.45961 -1.75753 -1.13652 -1.45478 4.16593 1.87206 -0.718351 -0.268159 2.35368 0.443993 -1.78558 -0.318429 -1.41357 0.816608 -0.0711421 -1.44408 -0.711388 2.30805 2.64574 -1.16973 -0.110317 -1.59016
2:-2.24472 -2.43424 3.98847 3.93181 -5.41302 -3.93607 -0.764059 -0.707166 -1.08228 -1.2265 0.888608 2.44474 -0.151604 -0.654292 -2.01051 5.91071 6.09871 -0.368211 4.31875 -0.770687 -2.74706 -1.35096 2.25414 2.97908 -1.84623 -0.950933 0.134263 -1.92267 -2.05871 -2.97738 -2.38466 2.85319 3.27403 -0.253738 -1.19372 3.15078 2.78551 -0.457718 -1.65815 -0.889486
0:-2.33357 -3.21405 2.56176 4.54412 -5.23605 -2.83385 -0.353971 -1.67739 -2.74386 -0.34071 1.9692 2.87775 -1.21043 -1.88645 -1.63381 4.48434 6.40758 -1.46741 2.51837 -0.427902 -1.49996 -0.665889 0.645922 4.31715 -1.91928 -1.54167 1.97794 -0.439763 -0.846738 -1.56633 0.659109 3.78135 0.589131 -1.12221 -1.99209 4.62729 1.43345 -1.5069 -1.64003 -0.499249
2:-2.0964 -3.09191 2.70783 5.06592 -4.8433 -2.78827 -2.59135 -1.69076 -1.67715 -0.754748 0.975801 2.48261 -1.72374 -1.37743 -0.379752 0.0942434 3.92825 -1.42832 1.65321 -1.07514 -1.80464 -1.53681 1.47366 2.21507 -1.07697 -0.25221 2.64687 -1.05914 -1.83005 -1.24827 -0.683765 4.06573 0.708444 -0.176892 -1.24711 -0.0455279 1.51638 -1.6318 -2.29971 -2.62166
1:-2.47705 -3.60363 3.23204 4.69385 -5.88956 -2.40986 -2.24626 -0.333176 -1.48898 -0.918839 1.01604 2.04516 -2.23092 -1.47622 -0.394829 2.22852 2.94784 -1.83879 2.27524 -1.51049 -1.01089 -1.44032 3.39043 1.83418 -0.324237 -0.441199 1.66076 0.631106 -1.46666 -0.281644 -1.66527 0.722 -0.0670571 -1.38582 -0.213447 1.71561 2.55225 -0.987523 -0.493817 -1.64787
0:-2.32792 -3.2246 2.55097 4.27988 -5.25634 -3.65542 -0.225466 -1.75639 -2.09694 -0.308444 2.07443 2.11498 -1.40202 -2.21198 -1.60439 3.09906 6.18651 -1.43458 1.26838 -0.449823 -2.18108 -0.803198 0.930304 3.13159 -1.95188 -1.14977 1.02647 -0.208052 -0.714716 -1.15868 0.791304 3.41417 1.15592 -1.15792 -1.98574 4.65775 1.63975 -1.14231 -1.78168 -0.322447
1:-2.3243 -3.1431 2.17319 4.45054 -5.65118 -2.70496 -2.20438 -0.397121 -2.18778 -0.718672 0.15409 2.0869 -2.46225 -1.63813 -0.594882 2.6991 2.7283 -2.03234 2.35777 -1.63131 -1.71409 -0.957227 3.77856 1.18187 -0.94009 -0.352768 2.03868 0.34556 -1.95269 -0.312263 -1.55195 0.725963 -0.1078 -1.5587 -0.718229 2.89543 2.58895 -1.17804 -0.0389366 -1.54325
2:-1.90378 -2.34988 3.79161 2.78645 -5.76342 -3.53453 -2.45966 -0.135723 -1.99616 -1.66553 1.19531 3.23377 -0.0416138 -1.37128 -0.785079 5.28562 5.81594 -1.80196 3.8375 -1.21355 -0.603999 -0.842974 1.61806 3.14227 -2.07786 -1.41001 0.699265 -0.685525 -2.11901 -2.95614 -0.171782 4.21454 0.490449 -0.879902 -0.427837 4.13497 1.02361 -1.90727 -0.305261 -1.70538
2:-2.7587 -2.85782 3.19959 4.45017 -5.50912 -3.93138 -1.40758 -0.328942 -1.39878 -1.01598 2.94396 0.581972 -0.408532 -1.2079 -0.756413 2.48624 5.05833 -1.27197 1.49345 -0.175588 -1.92355 -0.839918 -0.0326248 2.22195 -1.14017 -1.61428 0.810564 -0.179126 -1.63642 -2.10414 -1.79815 1.39376 2.73657 -0.698685 -0.451463 1.83739 4.20363 -0.805808 -0.70536 -1.00079
1:-2.53514 -3.53619 2.90938 4.2083 -5.85434 -2.22587 -2.0251 -0.466481 -1.73344 -0.918361 0.451954 2.53768 -2.39274 -1.40802 -0.575171 2.03691 3.06741 -1.93241 2.40534 -1.50418 -1.55916 -0.360856 3.20757 1.29265 -0.760899 -0.80055 0.635576 0.652429 -1.91336 -0.0809585 -1.19348 2.36138 -0.242312 -0.820354 -1.2592 1.38653 3.10355 -1.32586 -0.298731 -2.18131
1:-2.67638 -3.8552 2.99507 4.07518 -5.48453 -2.2982 -2.62254 -0.294789 -1.46455 -1.07188 1.45466 1.97906 -1.83455 -1.94962 -0.286153 1.55652 3.15892 -2.29459 2.94513 -0.739772 -1.49367 -0.75633 3.59016 1.34391 -0.710152 -0.498073 1.70771 0.50114 -1.77108 -0.197674 -1.6827 1.20004 -0.190256 -1.5566 -0.559384 2.40666 2.79085 -1.15536 -0.251834 -1.83897
1:-2.58841 -3.7925 3.12711 4.39779 -5.61318 -2.35427 -2.56108 -0.248452 -1.35361 -1.00075 1.68329 2.16846 -1.98337 -1.84706 -0.270485 1.6074 2.9778 -2.00884 2.40395 -1.06833 -1.10237 -1.03943 3.44895 1.69326 -0.381902 -0.60368 1.38573 0.756575 -1.6154 -0.147812 -1.61463 1.54897 -0.253253 -1.86452 -0.553235 1.90412 2.3665 -1.14714 -0.391912 -1.82339
0:-1.83204 -2.79994 2.91494 2.54972 -6.52449 -4.49676 -0.473223 -2.22553 -0.562383 -1.21598 2.85946 2.41296 -1.05831 -1.20673 -1.79017 4.7784 4.65022 -1.91752 6.49655 -1.85125 -0.70233 -0.250302 3.55719 3.35486 -0.072843 -1.71508 0.899441 -1.98874 -2.17048 -2.38351 -0.191997 1.77181 1.15632 -0.706735 -1.79778 4.70197 0.0683706 -2.45949 -1.26183 -0.518052
2:-2.14603 -2.6284 2.33419 3.10679 -5.23393 -4.56858 -2.6745 -0.1325 -1.52591 -2.21878 1.6857 2.09251 -0.628076 -2.27244 -0.632668 2.96572 5.44639 -1.22203 2.66704 -0.223819 -2.09794 -0.217782 0.145084 2.28516 -1.73981 -1.67382 2.45599 0.44321 -2.1075 -2.48626 -1.6258 3.13131 1.28906 -1.12571 -0.47267 5.19614 0.679746 -2.18706 -0.523586 -1.0813
0:-1.93441 -3.1297 2.87702 4.09045 -5.00403 -3.49272 -1.02362 -1.89143 -2.51081 -0.0473632 2.34585 0.596363 -1.22333 -3.2967 -2.48948 1.63439 5.64931 -2.40539 5.04629 -1.32232 -0.366882 -0.904539 1.95606 3.70382 -1.51137 -2.1415 2.26391 -1.30313 -1.23473 -2.84703 -0.0748105 2.97871 0.890279 -1.26668 -1.76476 3.96149 0.366816 -2.6358 -1.16751 -0.358507
1:-2.43597 -2.96163 2.04994 4.67898 -5.9771 -2.86402 -1.83735 -0.362565 -2.32415 -0.683623 -0.0548446 2.56382 -2.36409 -0.880392 -0.870104 1.74412 2.95409 -1.83219 2.41358 -1.67706 -1.20575 -1.98915 3.60181 2.17293 -0.453772 -0.530323 2.03917 0.620374 -1.89066 -0.629155 -1.44797 1.69451 1.6657 -0.858335 -0.978594 0.589038 2.75449 -1.14533 -0.126343 -0.752692
1:-2.54562 -4.00781 2.2722 3.58086 -5.09359 -2.50546 -3.13559 -0.265804 -1.84705 -1.22935 1.65875 3.77154 -0.485222 -1.67546 -1.47838 1.23061 5.91481 -1.44731 2.41428 -0.347966 -2.2143 -0.353355 1.27942 2.00553 -1.35603 -1.65251 2.01345 1.47883 -2.0051 -0.87173 -2.09161 1.89353 -0.251844 -1.40374 -0.410154 1.48896 2.97271 -0.943267 -0.895782 -2.077
1:-2.26994 -3.00158 1.44851 4.29837 -5.67577 -3.76132 -1.62084 -0.458629 -2.87527 -0.853561 -0.0256736 3.16266 -2.34427 -0.633233 -1.03621 0.941585 2.98724 -1.83096 2.32649 -1.66366 -1.28842 -1.99361 3.95071 2.3979 -0.563038 -0.588793 2.05517 0.611745 -1.88205 -0.594949 -1.6835 1.59107 2.14316 -0.903046 -0.579694 0.641091 2.73638 -1.03763 -0.329302 -0.634053
0:-2.69424 -3.60672 3.31209 4.06752 -4.92294 -2.28843 -0.986522 -1.52159 -2.38898 -0.616663 1.89004 4.52636 -0.725793 -2.56303 -2.35052 3.32228 3.22671 -2.13173 4.77543 -1.92708 -1.11539 -0.86905 4.76456 2.63572 -1.49806 -2.01826 -0.0287952 -1.50984 -1.19126 -2.9847 -0.349038 -0.150864 1.5872 -0.182136 -2.0553 3.20016 2.14827 -0.87376 -1.82024 -1.55339
0:-2.02823 -2.72612 3.16848 3.24442 -5.15769 -4.28878 -0.210935 -1.97116 -2.05994 -0.917049 2.72124 2.39761 -1.44995 -2.09521 -1.72785 3.41749 6.72749 -1.62362 1.8529 -0.521527 -0.217866 -1.11719 2.23898 3.2835 -1.43497 -2.23041 1.94146 -0.861658 -1.1639 -2.11169 0.372418 3.43145 0.723595 -1.36513 -2.15288 4.56136 1.26489 -1.52183 -1.83837 -0.287396
1:-2.35741 -3.40136 2.10596 4.21699 -5.22648 -2.72128 -2.522 -0.438196 -2.20583 -0.775193 0.951522 1.99963 -2.24214 -2.11801 -0.335304 2.34424 2.8268 -2.12254 2.53317 -1.34415 -1.96989 -0.355258 2.69631 1.69734 -1.70681 -0.837501 1.89819 0.696873 -1.86835 -0.450087 -1.88371 1.10226 -0.171153 -1.42417 -0.521294 2.56499 2.95485 -1.16996 -0.221698 -1.83562
2:-1.9394 -2.86324 2.02201 4.6141 -5.34684 -4.20259 -1.43052 -0.269254 -1.73223 -0.910405 2.54228 2.53657 -0.423433 -2.21937 -1.489 4.37 6.46562 -0.324724 3.24445 -0.267034 -2.2108 -0.307386 1.17679 1.70506 -0.960343 -1.62099 1.5299 0.0325843 -2.20832 -3.04421 -2.41107 1.59635 1.96747 -0.354884 -0.629883 4.31196 1.53788 -0.556237 -1.49417 -0.650206
1:-2.36507 -4.01985 2.94174 4.91617 -5.24018 -2.81207 -2.78691 -0.16158 -1.39984 -1.04743 1.12543 4.26258 -0.688484 -0.622227 -1.16862 0.711787 6.33874 -1.67065 3.08996 -0.664794 -2.17743 -0.186259 1.80668 0.962681 -1.19517 -1.7043 2.10096 1.66107 -2.29375 -0.868862 -1.20028 3.34235 -0.239938 -0.428307 -1.19357 0.190307 3.2227 -1.41929 -0.485223 -2.03638
1:-2.53096 -3.62153 2.95921 4.14126 -5.85192 -2.10842 -1.92058 -0.421351 -1.7723 -0.954516 0.954041 2.78421 -2.37671 -1.49214 -0.443438 2.04432 2.91129 -1.92726 2.50567 -1.32742 -1.1266 -1.39379 3.87364 1.71521 -0.418305 -0.345803 1.69294 0.485429 -1.59562 -0.283541 -1.25776 1.29786 -0.119585 -1.74459 -0.8272 1.86434 2.60831 -1.24024 -0.245388 -1.75709
1:-2.69036 -4.10141 3.15821 4.43041 -5.42653 -2.6735 -2.64569 -0.292797 -1.38683 -1.13178 1.36303 3.36717 -0.99918 -0.94476 -0.746534 0.568402 4.75366 -2.29486 3.2644 -0.505163 -1.73222 -0.115983 2.57947 0.86695 -0.857041 -1.17263 0.806659 0.895546 -1.96276 -0.105558 -1.29911 2.41596 -0.252062 -0.844291 -1.06532 1.47481 3.20051 -1.34425 -0.34457 -2.1268
2:-2.72697 -2.59226 3.41068 4.84595 -6.01942 -3.29856 -1.27927 -0.484597 -1.64621 -0.905517 1.88482 1.92244 -0.315921 -0.742398 -1.09629 3.82383 5.81193 -0.727612 1.84787 -0.118619 -2.40318 -0.720992 -0.0534746 2.25993 -0.923091 -0.601939 0.75331 -0.608389 -1.55905 -2.60865 -2.14025 1.96771 1.4838 -0.0881231 -1.49781 1.07205 1.07121 -1.52056 -1.99588 -2.0451
0:-2.02324 -3.42694 3.1218 4.32731 -5.40405 -4.32853 -0.74381 -1.99112 -1.90421 -0.297366 2.32416 2.22826 -0.415436 -1.75035 -1.41217 4.15963 6.43465 -0.97916 1.76293 0.00197703 -1.25412 -1.07131 0.997712 4.24749 -1.37289 -2.2361 0.937546 -0.711234 -1.09455 -1.92 -0.543712 0.0793452 1.1766 -0.680033 -0.842109 3.93679 0.899922 -0.215762 -2.07524 -0.883432
2:-2.65671 -2.56206 4.20052 4.15406 -5.4574 -3.5253 -1.40406 -0.368546 -0.924847 -2.39206 3.0027 0.45428 -0.89335 -1.80239 -1.30166 2.47779 5.18453 -1.32476 -0.03133 -0.345174 -1.38487 -0.806411 0.295406 4.02103 -2.26135 -1.34647 1.97963 -0.803582 -1.50572 -1.69594 -1.51024 3.2892 2.20772 -1.32815 -1.56844 4.12021 1.09328 -0.717537 -2.08799 -0.389791
2:-1.51502 -3.35283 2.11135 1.43711 -5.12335 -4.89539 -1.2775 -1.11698 -0.897912 -1.08841 1.66696 2.26798 -0.906769 -2.7304 -1.83157 3.16988 5.84916 -0.87407 1.20427 0.0459958 -1.5551 -0.669227 0.675552 3.21516 -2.27123 -1.79317 1.51398 -1.50353 -1.59645 -2.76139 -2.4965 0.434163 0.777729 -0.71759 -0.671079 5.51448 0.908821 -2.14202 -2.94317 -1.3364
1:-2.47529 -3.98696 3.38134 5.09095 -5.47678 -2.74996 -2.37804 -0.38939 -1.37518 -1.04393 0.989457 3.61838 -0.916671 -0.309955 -0.942688 0.5134 5.21591 -2.21305 2.97963 -0.737823 -1.95823 -0.389203 2.22108 0.689616 -0.723243 -1.37459 1.96158 1.68096 -2.11326 -0.674602 -0.911277 3.50867 -0.205026 -0.383228 -1.4727 -0.0336822 3.15148 -1.43193 -0.50184 -2.02434
2:-2.84682 -1.93076 3.66283 3.2251 -6.12758 -3.07481 -0.489012 -0.842868 -1.21044 -2.16288 2.62383 2.40757 -0.41944 -0.973998 -1.93967 5.3369 4.59113 -1.06231 3.90217 -1.16096 -1.70132 -1.01225 2.98528 1.07393 -0.475076 -2.22531 1.66423 1.52903 -1.81941 -2.44944 -1.06485 4.00064 1.70504 -1.75115 -0.5535 2.34209 2.94093 -0.642086 -1.68545 -2.02322
1:-2.60148 -4.03589 2.85948 4.17121 -5.21819 -2.50334 -2.76624 -0.222978 -1.35406 -1.16857 1.47193 3.5413 -1.11631 -1.5699 -0.637252 0.563729 4.17702 -2.14413 3.33268 -0.421515 -2.26754 -0.313393 2.63828 0.755913 -1.04506 -1.60585 2.04316 1.26066 -2.13897 -1.18378 -1.3096 2.94661 -0.179447 -0.395877 -1.43758 0.285427 3.37043 -1.42356 -0.387625 -2.12837
2:-3.24114 -2.63429 2.40828 5.30636 -5.65948 -3.38414 -2.02307 -0.616515 -1.3193 -2.3815 2.60938 -0.0176495 -0.998704 -1.69691 -1.23005 2.16131 4.34409 -1.24129 -0.0245276 -0.666083 -2.58301 -0.799406 1.82181 1.86744 -0.592615 -1.54085 0.796402 1.71054 -1.74065 -0.821217 -1.54159 1.68946 3.5365 -1.10933 -0.00596933 4.58365 2.165 -0.489573 -1.47143 -1.56245
2:-3.11485 -3.88388 2.69374 4.53167 -5.27207 -2.71779 -2.17925 -0.235789 -1.16604 -1.12429 1.31004 0.773129 -0.201679 -0.737043 -1.00381 1.92531 5.37458 -1.19941 2.88937 -0.158126 -2.23189 -1.13475 -0.0756465 2.7331 -0.7663 -0.799232 0.700081 -0.21062 -1.57544 -2.22067 -2.52535 3.16035 1.50004 0.737941 -1.26562 1.88876 1.07338 -1.20309 -0.76061 -1.71664
1:-2.49749 -3.61798 2.84473 4.13988 -5.64134 -2.27236 -2.35464 -0.377686 -1.77588 -0.88774 0.667376 2.09252 -2.30461 -1.69392 -0.467903 2.24709 2.91431 -2.06449 2.58959 -1.44238 -1.23492 -1.32523 3.88665 1.79061 -0.455828 -0.355649 2.04388 0.446995 -1.61666 -0.290539 -1.52358 0.774149 -0.0424935 -1.56046 -0.483779 2.00411 2.62451 -1.11427 -0.269394 -1.55269
2:-2.57119 -2.71883 2.48945 5.58174 -5.62398 -3.45074 -2.23903 -0.257308 -1.50843 -1.37781 1.28212 1.17667 -1.78084 -1.39367 -0.768286 1.8929 2.87438 -1.78171 0.848211 -1.44743 -1.65444 -0.0198575 1.92556 1.43317 -0.553106 -1.7325 1.97734 1.16997 -1.59897 -1.00887 -1.68593 1.67911 1.21729 -0.484403 -1.08678 1.03479 1.08408 -0.773427 -1.4775 -1.90093
0:-1.94053 -2.4807 1.81792 1.7625 -6.54884 -4.18539 -0.541926 -1.6623 -0.164089 -1.94471 3.35413 1.36272 -1.19772 -1.8737 -2.21016 3.79787 6.67978 -2.00919 4.17685 -0.375866 -2.1296 -0.920941 0.627178 4.1618 -0.485252 -1.39043 1.42541 -1.70984 -1.47201 -1.55875 0.175271 3.30816 1.79599 -1.48435 -0.500235 4.13057 2.45201 -3.31503 -0.594778 -2.13119
2:-3.03783 -3.51767 2.83264 5.3162 -5.46493 -2.89077 -2.30822 -0.380618 -1.09656 -0.997732 1.35875 1.8941 -0.454592 -0.732924 -0.52028 3.08115 6.51548 -1.09755 4.03682 -0.239692 -2.54138 -0.262021 1.36092 1.68929 -0.791665 -1.2245 1.74267 1.05651 -2.01331 -1.68799 -1.37166 2.10207 0.157932 -0.0907845 -0.882795 3.23996 2.36239 -1.27003 -0.0914931 -1.06936
1:-2.27757 -3.15403 2.41162 4.4469 -5.69766 -2.73679 -1.58238 -0.518383 -2.48083 -0.662886 0.0369461 2.83361 -2.49598 -1.30041 -0.737242 1.95206 3.02145 -1.79717 2.08804 -1.58774 -1.44173 -1.36061 4.24736 1.36782 -0.974204 -0.294032 2.00048 0.196738 -1.88517 -0.40422 -0.873959 1.53067 0.441417 -1.67143 -1.10979 1.61913 3.51224 -1.38561 -0.13934 -1.65293
2:-1.82004 -2.73279 2.49322 4.38108 -5.44336 -3.8096 -2.45953 -0.146055 -1.57011 -1.12284 2.24068 2.83189 -0.362257 -1.351 -0.471763 2.86084 6.10744 -1.3928 3.61635 -0.244488 -2.32372 -0.240839 1.67433 1.24165 -1.25723 -1.63408 2.30187 1.17943 -2.14003 -2.03146 -1.76377 2.64395 0.740189 -0.177654 -0.848537 4.51243 1.4686 -1.41364 -0.117177 -1.27399
2:-3.27215 -2.17323 2.71696 4.91479 -5.99191 -3.44583 -0.674854 -0.703689 -1.31648 -1.96166 1.70727 1.29666 -0.596638 -1.25276 -1.82383 4.91997 6.70227 -1.2274 2.87555 -0.126178 -2.7617 -0.766173 -0.214403 2.71637 -1.49587 -1.13427 0.514052 -0.872427 -1.25551 -1.77731 -1.90101 1.79672 3.7287 -0.241661 -1.28507 5.22251 2.15073 -0.611907 -2.09758 -1.0521
1:-2.64729 -3.27715 2.39235 4.26389 -5.52806 -2.62064 -2.63708 -0.410682 -1.84759 -0.946242 1.23258 1.58189 -2.04592 -2.04297 -0.186804 2.46192 2.65532 -2.09505 2.93432 -1.01706 -1.69023 -0.930718 3.4673 1.19407 -0.933071 -0.428542 1.90602 0.416024 -1.94746 -0.325091 -1.88691 0.695502 -0.0599421 -1.56555 -0.193937 2.50564 2.5309 -1.07808 -0.291159 -1.33935
1:-2.5712 -3.7784 2.4891 3.98577 -5.4083 -2.45427 -2.82125 -0.343005 -1.85315 -0.951709 1.67813 1.53893 -1.82718 -1.95937 -0.340349 1.86876 2.87902 -1.93466 2.42365 -0.946203 -1.66175 -1.12832 3.70777 1.49297 -0.807022 -0.506953 1.7114 0.583403 -1.89326 -0.318574 -1.95226 0.315148 0.0858275 -1.3895 0.393982 2.19098 2.4034 -0.908062 -0.536111 -1.37438
0:-1.34874 -3.27204 1.91346 3.67064 -5.90403 -3.73603 -0.438148 -1.36466 -0.593684 -0.76662 1.6248 2.0613 -1.71279 -2.26291 -2.30578 1.03939 6.11021 -1.8695 2.94876 -1.02916 -1.81524 -0.485041 4.09187 3.14106 -0.361888 -0.586634 0.13715 -1.11684 -1.99041 -1.4302 -0.287743 1.28382 1.77584 0.508612 -1.84371 3.99482 1.04104 -2.7353 -0.887177 -0.906438
0:-2.06921 -3.16655 2.44371 4.48691 -5.40582 -4.44455 -0.637319 -1.97866 -1.48907 -0.534253 2.56471 0.993526 -1.3922 -1.96377 -1.4596 3.29398 6.06388 -1.16371 0.781118 -0.374452 -1.42429 -0.861289 1.16824 4.45107 -0.788543 -2.00059 1.23354 -1.41063 -1.24024 -1.63461 -0.0329261 2.53187 1.98514 -1.00245 -1.62462 5.9243 1.01974 -1.15415 -2.27576 -0.416703
1:-2.46492 -3.64188 2.88255 4.27131 -5.6915 -2.26224 -2.27366 -0.350389 -1.69108 -0.936639 1.02853 2.65485 -2.33897 -1.77364 -0.413259 1.81266 2.70506 -1.97045 2.43992 -1.36471 -1.18089 -1.37044 3.82567 1.77117 -0.401889 -0.337765 1.7959 0.506175 -1.60795 -0.309538 -1.47927 1.05561 -0.0711878 -1.89254 -0.542096 1.97547 2.6332 -1.21755 -0.276763 -1.50784
1:-2.62462 -3.79868 2.6815 4.13734 -5.32052 -2.41128 -2.85008 -0.288573 -1.56011 -1.00088 1.36369 1.67347 -1.87858 -2.0326 -0.214576 1.93406 3.22907 -2.16287 3.05347 -0.765429 -1.80311 -0.17146 2.76982 1.24719 -1.17395 -1.34469 1.5845 0.889848 -1.95201 -0.270646 -1.68469 2.23643 -0.290684 -1.27259 -0.766888 1.73925 3.03206 -1.2572 -0.376877 -2.06736
2:-2.12956 -2.6755 2.66632 2.19274 -6.33448 -4.14941 -1.10702 -1.37414 -0.650504 -1.81661 2.23187 1.53433 -0.456101 -1.13638 -1.31314 3.989 6.00797 -0.79841 1.89719 0.136779 -2.02238 -0.360353 0.0728444 2.25601 -0.978493 -1.88306 0.810876 0.269264 -1.76221 -2.09603 -2.25459 2.23237 1.91637 -0.149388 -1.10145 3.48776 0.598957 -0.753941 -1.80234 -2.07522
1:-2.55424 -3.63288 3.31659 4.48237 -5.7932 -2.29698 -2.36497 -0.308156 -1.32861 -0.952004 0.886269 2.00557 -2.28333 -1.62184 -0.329296 2.24583 3.01473 -1.98897 2.63385 -1.43773 -1.07905 -1.36733 3.66472 1.66638 -0.275751 -0.331011 2.03119 0.472985 -1.51784 -0.31555 -1.40121 1.0306 -0.0581793 -1.42898 -0.557315 1.97747 2.87453 -1.18585 -0.258911 -1.63413
2:-2.98586 -3.36251 2.42057 3.91619 -5.42022 -2.69341 -2.84227 -0.197047 -1.42375 -1.01604 0.839913 2.34684 -0.367951 -1.18182 -0.790475 3.86286 7.02134 -1.12898 4.2386 -0.369427 -2.3314 -0.345789 -0.0690164 3.04204 -1.71413 -0.945199 1.90215 -0.106358 -1.96566 -1.98525 -1.00218 4.38229 0.976017 -0.840714 -0.231044 4.48236 1.78514 -1.58494 -0.268769 -1.20461
2:-3.42559 -2.71998 3.19145 5.02706 -5.66972 -2.76236 -1.41639 -0.846609 -1.12917 -2.65863 2.62899 -0.0548412 -0.725288 -1.31721 -1.06862 2.20399 5.25462 -1.55848 0.654769 -0.398795 -2.21352 -0.40403 1.04174 1.46665 -1.12045 -1.09425 1.33624 1.83584 -1.99592 -1.02664 -1.66925 2.82389 3.48372 -0.588734 -0.750965 4.39061 0.15508 -0.647889 -1.51795 -1.70106
1:-2.72137 -3.90257 2.69452 3.67389 -5.28536 -2.33577 -2.7035 -0.536468 -1.96429 -1.14952 1.15691 3.88907 -1.13053 -1.91103 -0.864405 1.01725 3.57385 -2.51084 3.14955 -0.659517 -1.82362 -0.314382 2.52125 1.48864 -1.60086 -1.56731 1.95378 0.992898 -2.06903 -0.297799 -1.64599 2.22067 -0.307483 -1.30854 -1.16075 1.73334 2.8727 -1.26279 -0.302658 -2.17375
2:-2.12032 -2.69062 3.43101 2.95655 -5.47509 -3.74419 -2.4034 0.302045 -1.7404 -1.21455 0.288764 3.08601 -0.245202 -0.914368 -0.792529 4.81188 5.42749 -2.32711 3.94004 -0.671564 -1.60982 -0.572993 1.89339 3.50458 -2.0605 -1.05313 0.379812 -0.642041 -1.81287 -3.01614 -0.234475 3.71032 1.87808 -0.82088 -0.674185 4.6692 1.74283 -1.52714 0.274518 -1.62136
2:-2.48262 -2.69541 2.44826 5.74176 -5.26723 -3.58537 -2.50033 -0.156708 -1.37046 -1.37749 2.05134 0.64304 -1.24105 -2.06195 -0.923763 1.61268 4.02064 -1.24238 0.838049 -0.696578 -2.71232 -1.52485 -0.023387 2.70298 -2.02358 -0.724309 1.42456 -0.771685 -1.16511 -1.79544 -2.176 2.17352 4.29281 -0.647694 -0.275169 3.34501 3.26266 -0.703042 -1.07887 -1.59534
0:-2.20412 -2.69386 2.56184 4.1627 -5.04081 -3.77329 -0.366455 -1.57796 -2.65208 -0.536343 1.94015 2.56093 -1.40239 -2.35475 -1.70744 3.45786 5.69406 -1.63936 1.28094 -0.530272 -0.742136 -1.19205 0.978926 4.12173 -1.64748 -1.91193 2.07723 -0.620747 -0.97756 -1.86966 0.453339 4.92524 0.765867 -1.74691 -2.18862 3.60659 1.58282 -1.89611 -1.70405 -0.858659
0:-1.4525 -3.35367 1.72298 3.92983 -5.52778 -3.87057 -0.284386 -2.28186 -1.33195 -0.352359 2.60473 2.25 -1.16046 -2.69842 -2.49403 4.31131 5.77927 -1.76377 4.63266 -0.743207 -1.12522 -0.52269 4.38823 3.18723 -0.498843 -1.97757 0.222898 -2.02618 -1.98777 -2.67645 -0.20307 2.51784 2.1352 -0.836713 -1.45073 5.88143 1.29304 -3.0694 -1.16504 -0.803089
0:-1.53041 -3.50075 2.48375 2.93411 -6.27301 -3.99856 -0.567532 -1.37355 -0.756918 -1.55399 1.39808 1.71234 -0.974654 -2.50236 -2.41049 -0.00379608 5.12611 -2.28279 4.81867 -1.37003 -1.62825 -0.409852 2.90342 3.73603 -0.110303 -1.04216 0.971358 -1.63325 -2.05416 -1.84171 -0.155963 2.46425 1.09204 -0.308508 -1.27499 3.95266 0.67745 -2.88826 -0.549649 -0.811723
2:-1.9632 -2.84313 2.97407 3.5306 -5.47182 -3.87214 -1.83083 -0.0704638 -1.81566 -0.776409 1.89984 3.73214 -0.556355 -1.05123 -0.733248 4.55397 5.91477 -0.0790598 3.98398 -0.914946 -2.36661 -0.91728 1.25144 4.35088 -1.77755 -0.837831 0.350064 -1.0966 -1.3971 -2.28692 -1.0476 2.70623 0.881709 0.9138 -0.473597 4.97289 1.40362 -2.0179 -0.47793 -1.68493
1:-2.49361 -3.26835 2.59019 4.29536 -5.68102 -2.43328 -2.28513 -0.465327 -1.88278 -0.845757 0.339053 2.28537 -2.43108 -1.58993 -0.425415 2.44891 2.83796 -1.89573 2.56426 -1.58247 -1.52792 -1.2793 3.62889 1.00736 -0.780452 -0.188415 2.3275 0.252117 -1.90767 -0.422635 -1.60109 1.03535 -0.0701378 -1.55113 -0.574738 2.37592 2.87735 -1.22168 -0.14294 -1.42209
2:-1.87036 -3.01175 2.62718 2.21627 -6.35385 -3.37653 -0.880942 -0.431519 -0.834331 -1.77533 1.45019 1.59065 -1.45073 -0.94295 -1.33777 0.887185 4.55146 -1.11867 0.335668 -0.765069 -2.36075 -0.995718 1.19908 1.03298 -1.12602 -0.568957 1.4112 1.16562 -1.71409 -1.09153 -1.61555 2.87099 1.41886 -0.0645906 -1.55315 1.36277 1.15638 -0.859955 -2.06304 -2.36519
0:-1.39743 -2.53547 2.73625 2.75647 -6.86005 -3.93666 -0.762956 -1.5144 -0.678477 -1.85632 2.96788 1.80703 -0.852813 -2.06455 -1.61595 2.34633 2.95731 -2.20479 5.44557 -1.55741 -0.928143 -1.17916 1.10179 4.46341 -0.150291 -1.94076 1.62462 -1.49173 -1.63523 -1.46224 -0.00746836 4.31867 1.05406 -1.88279 -1.09365 1.58279 1.76035 -2.83257 -0.566669 -2.26975
2:-2.90037 -2.76209 2.52709 4.93951 -5.33689 -3.59236 -2.42145 -0.260257 -1.04615 -1.26848 1.54199 0.917901 -0.923286 -1.45917 -0.182001 1.98894 5.08064 -1.52618 3.04206 -0.336838 -2.06758 -0.295346 0.923501 2.11821 -1.09378 -0.904457 1.77243 0.57531 -2.17418 -2.28856 -1.1299 3.59452 0.182609 -0.149862 -0.380347 4.04027 1.65646 -1.89849 -0.324298 -1.37091
0:-1.89688 -2.94927 1.33354 3.11556 -5.33826 -5.05629 -0.822287 -2.29716 -1.07697 -1.35145 3.23944 1.21184 -0.664547 -2.8404 -2.74443 4.89299 6.33132 -1.46195 3.7602 -0.571301 -2.50969 -0.929435 -0.0753246 4.05297 -1.7018 -1.94808 0.952497 -1.6079 -1.06545 -2.13126 -0.537925 1.54825 3.64601 -1.36671 -1.5544 6.90804 1.47061 -2.59152 -2.11496 -0.96675
0:-1.95131 -3.13562 2.50095 4.19625 -5.37542 -3.92586 -0.166342 -2.27428 -1.97454 -0.302602 2.68836 3.22443 -1.00057 -1.88433 -1.88071 5.09801 6.29823 -1.19669 3.50273 -0.637033 -1.73345 -0.791327 0.00311568 4.01711 -1.94886 -1.87719 1.49302 -0.850622 -0.971291 -1.84055 -0.0941644 0.769018 1.15365 -0.498119 -1.83041 4.80193 1.05737 -0.811625 -2.19547 -0.590278
1:-2.36259 -3.54701 2.48993 4.28734 -5.65525 -2.44732 -2.38221 -0.341687 -2.0226 -0.834204 0.847831 2.06218 -2.413 -1.65865 -0.301671 2.98049 2.4826 -2.00672 3.04591 -1.1724 -1.27164 -1.31198 3.83639 1.72254 -0.768852 -0.353385 2.17219 0.58685 -1.86577 -0.287103 -1.78299 0.498073 -0.0507728 -1.46625 -0.320153 2.18544 2.30127 -1.02775 -0.283801 -1.3636
2:-3.04686 -2.33139 3.36156 3.12553 -5.52197 -2.61151 -1.36275 -0.738104 -1.38665 -2.30269 2.17897 3.18111 -1.3322 -1.19228 -1.21052 3.39897 7.18476 -1.14139 5.25967 -0.6246 -1.08953 -0.923053 1.73049 5.11777 -1.90676 -1.62104 1.92949 -0.894642 -1.3624 -1.93483 -0.355195 3.86137 0.920055 -1.0074 -0.946214 4.56898 1.39449 -1.5584 -2.63569 -0.244121
2:-1.60997 -3.40514 2.82372 3.60207 -5.33743 -4.10386 -1.57304 -0.341709 -1.50408 -0.92049 3.03111 3.04837 -0.702165 -1.74912 -0.794901 1.24987 5.7971 -0.980666 1.45429 -0.452935 -1.84488 -0.55027 1.84261 0.781838 -0.401854 -2.15955 2.32355 0.988931 -2.11419 -0.537704 -1.62359 3.01806 -0.252401 -1.93354 -0.653585 0.652753 2.62497 -1.18705 -0.767178 -1.70875
0:-2.03539 -3.35856 2.62278 4.53459 -4.89363 -3.98508 -1.87444 -1.43683 -1.79694 -0.418432 1.38827 0.640452 -1.73606 -1.26657 -1.24404 3.31445 3.15059 -1.31562 0.0845278 -1.35249 -1.39542 -1.09811 0.740278 3.72773 -1.48085 -1.89691 1.56932 -0.152841 -0.873009 -1.6063 0.0578904 5.27962 1.62579 -0.281299 -2.46932 2.52681 3.20383 -1.5202 -1.90483 -1.42264
2:-3.06411 -3.36915 2.34021 3.35685 -5.32787 -2.16665 -2.19515 -0.631969 -1.82163 -1.04906 -0.0532988 1.05882 -1.91461 -1.97106 -0.652004 2.6382 2.34237 -1.96646 3.32095 -0.787563 -2.39084 -1.55094 1.07552 2.9315 -1.76422 -0.272813 0.660628 -0.347407 -1.95649 -2.7251 -1.4759 2.46536 2.10282 0.0412745 -2.29567 2.96142 0.0362633 -1.40563 -0.244604 -2.46205
0:-1.96834 -3.28889 2.39261 4.31948 -5.67275 -3.77682 -0.101604 -2.40273 -1.81398 -0.145865 3.17165 2.99348 -1.32035 -2.00902 -2.08341 5.52415 4.13455 -1.40623 5.24301 -1.7674 -1.11045 -0.929364 1.45437 4.44867 -1.10333 -2.13873 1.48799 -1.60551 -1.35698 -2.15559 -0.0502642 1.09633 1.13326 -0.847962 -1.7639 4.956 1.03828 -1.02116 -2.15617 -0.288644
1:-2.58923 -3.80348 2.73703 4.10626 -5.34832 -2.39848 -2.80662 -0.210009 -1.58876 -0.986803 1.75027 1.60128 -1.83744 -1.95641 -0.259108 1.84632 3.14287 -2.11246 2.77925 -0.782342 -1.65105 -0.924252 3.7514 1.51551 -0.891268 -0.506369 1.565 0.546195 -1.84608 -0.269044 -1.95944 0.411003 -0.0574944 -1.45795 -0.317378 2.04866 2.47483 -0.984966 -0.369528 -1.64802
1:-2.67448 -3.77136 2.92423 3.89244 -5.63049 -2.22249 -2.5156 -0.357157 -1.61648 -1.03857 1.39746 1.95827 -2.03905 -1.88342 -0.273728 1.922 2.8375 -2.11056 2.83824 -1.02779 -1.30603 -1.07206 3.76331 1.79197 -0.471616 -0.526412 1.69506 0.6409 -1.6074 -0.203539 -1.73968 0.742993 -0.0865801 -1.43938 -0.237616 1.96175 2.5931 -1.00985 -0.464046 -1.67358
2:-2.82059 -3.01953 2.52308 5.37629 -5.40746 -2.85613 -2.22769 -0.608449 -1.30914 -2.00888 2.01502 2.15018 -0.661862 -0.564175 -0.670291 2.63012 6.69502 -1.10081 3.02946 -0.379818 -1.93729 -0.301198 1.06608 1.50905 -0.917441 -1.58934 2.92924 1.61428 -2.1546 -1.536 -1.01723 5.03633 0.248553 -1.33132 -0.223541 2.8964 2.01146 -1.43421 -0.458689 -1.69736
1:-2.69549 -4.05355 2.98391 4.11455 -5.37262 -2.42092 -2.7737 -0.168298 -1.39995 -1.09517 1.63754 1.92248 -1.66105 -1.86999 -0.398601 1.33124 3.40856 -2.132 2.83998 -0.672 -1.59961 -0.803653 3.72332 1.37414 -0.655222 -0.507458 1.48197 0.404054 -1.66885 -0.204454 -1.78156 1.48489 -0.192685 -1.44369 -0.425865 1.99267 2.93393 -1.14432 -0.375258 -1.88116
1:-2.55005 -3.55053 2.57343 3.93451 -5.50336 -2.32714 -2.45024 -0.42139 -1.85445 -0.931039 1.24901 2.56171 -2.17052 -2.02596 -0.36605 1.77768 2.70528 -2.15415 2.58662 -1.08814 -1.46111 -0.704102 3.6311 1.44892 -0.937482 -0.616044 1.47549 0.615105 -1.8792 -0.122873 -1.69785 1.59839 -0.292051 -1.79577 -0.76646 2.2444 2.55547 -1.17313 -0.301995 -1.96598
1:-2.45031 -3.5341 2.29846 4.23127 -5.29375 -2.68654 -2.88642 -0.269755 -1.99014 -0.857335 1.97016 1.84358 -1.80702 -2.247 -0.303531 1.5502 3.05533 -2.09326 2.18228 -0.91781 -1.54883 -1.14091 3.81927 1.55317 -0.924756 -0.464238 1.64039 0.63108 -1.86825 -0.309226 -1.98394 0.416399 -0.0667502 -1.70795 -0.18181 1.93635 2.30065 -0.968835 -0.493782 -1.6367
0:-2.28601 -3.0878 1.5612 4.11306 -4.96987 -2.69121 -1.61078 -0.860851 -2.5871 -0.627456 1.55236 2.92009 -1.31336 -2.91617 -1.99342 3.11487 5.99765 -1.46149 1.65439 -0.301357 -1.57724 -1.10773 0.715505 3.36108 -2.80606 -2.01758 2.7745 0.906653 -2.01459 -1.60354 0.00285482 1.07372 0.617192 -0.882747 -1.40256 3.92776 0.66262 -0.3553 -1.9395 -0.680957
1:-2.76841 -3.97979 2.7951 3.90588 -5.40284 -2.35709 -2.58012 -0.450479 -1.66272 -1.19154 0.839458 3.01892 -1.44815 -1.86562 -0.617015 1.64296 3.21901 -2.38853 3.5301 -0.509474 -1.94703 -0.202336 2.00376 1.07638 -1.34055 -1.26816 1.46793 0.968376 -1.97505 -0.38714 -1.55986 1.80286 -0.24345 -1.13925 -1.149 2.00451 3.13621 -1.28048 -0.19644 -2.18724
1:-2.23082 -3.07993 1.64275 4.50653 -5.68959 -3.41947 -2.39127 -0.320639 -2.48135 -0.735636 0.500665 2.12698 -2.27891 -1.71872 -0.685881 1.893 2.25931 -1.8009 1.93396 -1.54308 -1.42565 -1.76417 3.94213 1.99484 -0.554758 -0.58643 1.69017 0.426239 -1.81051 -0.497073 -1.92109 1.40356 2.54548 -1.1485 -0.321929 1.47664 1.58129 -0.83344 -0.670579 -0.482067
1:-2.04954 -3.83749 3.20726 5.21124 -5.34904 -2.68994 -2.33689 -0.271669 -1.31972 -0.98394 0.36472 4.86375 -0.512985 -0.364673 -1.40243 1.85011 6.69262 -0.826966 2.55014 -1.60902 -2.08218 -0.785183 1.53225 0.817155 -0.939618 -1.19044 3.0465 1.54665 -2.08455 -2.03832 -0.990893 3.79673 -0.212996 -0.3437 -1.18833 -0.0807175 3.26464 -1.44131 -0.634686 -1.94285
1:-2.75798 -3.88256 3.50003 4.18225 -5.76186 -2.27954 -2.10384 -0.406403 -1.28144 -1.12056 1.32816 2.65202 -1.95865 -1.60773 -0.463619 0.948296 3.23953 -2.14332 2.53341 -1.02838 -1.05032 -1.22598 3.51271 1.69634 -0.330296 -0.541124 1.30602 0.557928 -1.54355 -0.154556 -0.787088 1.53091 -0.222978 -1.53248 -0.861141 1.93969 2.31006 -1.17602 -0.312469 -1.90854
2:-1.98666 -2.73227 3.13491 1.58158 -6.84664 -3.66865 -0.85122 -0.294266 -1.23352 -1.90232 3.04184 2.51561 -0.618266 -1.40554 -1.41129 3.3789 6.29971 -0.989883 0.986932 -0.146195 -1.30223 -1.00217 2.32121 2.0868 -0.668738 -1.97521 -0.155043 1.55597 -1.82433 -0.291323 -0.698053 0.950014 2.88817 -2.19827 -0.626732 2.05043 3.9207 -0.410265 -1.70382 -1.63447
2:-3.37667 -3.05836 1.97998 4.99499 -5.52316 -2.58918 -2.22678 -0.469553 -1.02802 -1.72194 0.257158 1.06825 -1.8994 -1.38076 -0.371762 2.0973 3.00702 -1.91346 2.84218 -1.26796 -2.35521 -0.271617 2.35332 1.34196 -0.974565 -1.24427 2.00634 1.47898 -2.0361 -1.20399 -1.57241 2.83076 0.877425 -0.0719597 -1.05802 4.75059 1.15566 -1.89172 -0.123755 -1.6038
0:-2.46309 -3.22882 2.83058 4.32788 -5.38078 -2.56669 -0.401595 -1.78833 -2.81029 -0.423246 2.10608 3.65487 -1.2081 -1.95295 -1.82186 4.11481 5.0794 -1.18669 2.67572 -0.81138 -1.2683 -1.24935 0.636697 4.00598 -2.09074 -1.91945 2.75599 -0.113949 -1.3409 -1.50425 0.663052 2.37354 0.23994 -1.0938 -1.76055 3.75355 0.880023 -0.631065 -1.81341 -0.577523
2:-2.29035 -2.52349 2.0124 4.38047 -5.13377 -3.30212 -2.80398 -0.426678 -1.90718 -2.37642 0.704769 1.75461 -1.80991 -1.95823 -0.513379 1.0353 3.07068 -2.07834 1.88482 -1.09478 -2.84877 -0.352467 1.09039 2.60297 -1.84919 -0.833544 1.77752 1.08332 -1.92969 -1.58771 -1.59315 1.33234 1.27602 0.867924 -1.41952 4.07783 0.605566 -2.31732 -0.539759 -1.49718
0:-2.34329 -2.78302 3.09016 2.83403 -6.07593 -3.3996 -1.24845 -1.05842 -0.0856453 -2.45541 1.608 1.53645 -1.73107 -1.98869 -1.95914 2.5587 5.55799 -1.91859 0.567556 -0.736353 -1.06203 -0.918532 1.3708 4.38408 -0.279139 -1.50377 1.80129 -1.10952 -1.24121 -1.27696 0.882239 5.08294 1.06639 -1.64772 -1.48632 3.17839 2.83218 -2.72572 -1.25382 -1.66371
1:-2.59526 -3.68874 3.04599 4.1282 -5.68412 -2.25701 -2.40588 -0.323513 -1.38148 -1.00107 1.28162 2.47648 -2.17758 -1.7723 -0.303934 1.4985 2.9704 -2.04528 2.51411 -1.25958 -1.41311 -0.329129 3.14453 1.59847 -0.636964 -1.28387 1.05309 0.824576 -1.78396 0.394887 -1.4852 2.15099 -0.270662 -1.12574 -0.940741 1.60528 2.97506 -1.25129 -0.40003 -2.12973
1:-2.56876 -3.67562 3.12835 4.03187 -5.55595 -2.2103 -2.50309 -0.297178 -1.42834 -0.971181 1.18013 2.05417 -2.22289 -1.74218 -0.272716 2.15571 2.92513 -1.96883 2.60767 -1.31224 -1.50514 -0.746259 3.7724 1.25169 -0.940176 -0.464956 1.48903 0.354698 -1.89341 -0.17168 -1.5127 1.82391 -0.223969 -1.18645 -0.841306 1.93149 3.10909 -1.22463 -0.25597 -2.05022
0:-1.70358 -2.9182 2.66784 2.45913 -6.9095 -4.09505 -0.567809 -1.51735 -0.542633 -1.34675 3.20064 0.320947 -1.69054 -1.03642 -1.41417 1.18298 2.62898 -2.03878 4.66879 -2.48359 -1.46836 -0.774845 1.30429 4.10067 -0.129505 -1.33328 1.68896 -1.71886 -1.88253 -1.73378 0.067755 4.35957 1.54132 -1.07845 -0.664625 2.27759 1.88903 -3.0509 -0.616758 -2.41057
1:-2.72231 -3.94097 3.27317 3.91929 -5.56854 -2.23879 -2.36226 -0.36845 -1.37735 -1.15241 1.10149 2.30254 -1.96868 -1.60328 -0.480196 1.44279 3.08429 -2.23351 2.89347 -0.848887 -1.58643 -0.533192 3.41398 0.9609 -0.92216 -0.527021 1.17003 0.379179 -1.909 -0.139566 -1.23974 2.4197 -0.301567 -1.25232 -1.00404 1.75917 2.91371 -1.27622 -0.313014 -2.06216
2:-2.10585 -2.85495 3.28278 2.8203 -6.23485 -3.52719 -1.60925 -0.418866 -1.01359 -1.81201 2.02603 0.103937 -1.09161 -0.789709 -0.927587 1.14811 3.22369 -1.53566 0.429966 -1.01206 -2.46655 -1.74581 1.56412 1.36096 -0.297175 -0.938207 1.24825 1.61141 -1.56136 -1.05971 -1.93548 2.36857 2.46365 0.416159 -1.2557 2.42726 1.42113 -1.02925 -0.645238 -2.12529
1:-2.26966 -3.84161 3.02867 4.6279 -5.20834 -2.62368 -2.64772 -0.168859 -1.34934 -1.03834 1.17059 4.4357 -0.540498 -0.858535 -1.13169 0.532672 6.4386 -1.97684 3.07724 -0.76933 -2.16785 -0.851595 1.91834 0.346566 -1.23404 -1.13545 3.1587 1.6641 -2.02272 -1.82632 -0.908611 3.72247 -0.209315 -0.372356 -1.39869 -0.0691177 3.15585 -1.46646 -0.524558 -1.96568
2:-1.77215 -3.00043 3.22515 1.98945 -5.19573 -4.54972 -0.547506 -0.666707 -0.765839 -1.22091 2.24735 1.74415 -1.20357 -2.44895 -2.12536 2.51461 6.255 -1.20356 1.0801 -0.325446 -2.50286 -0.671429 0.503524 3.55326 -1.81802 -0.590384 0.466227 -1.83422 -1.5545 -2.21729 -2.38521 0.518924 1.73046 -0.0292193 -1.54243 4.64092 1.78683 -1.91272 -2.60928 -1.18656
1:-2.55056 -3.72992 2.93705 4.19245 -5.66084 -2.32597 -2.53075 -0.244838 -1.45391 -0.979458 1.3999 2.03846 -2.02764 -1.82548 -0.298931 1.61054 2.89484 -2.03347 2.39589 -1.18697 -1.25465 -0.379995 2.98214 1.6899 -0.538265 -1.55742 1.29221 0.928918 -1.72971 0.317826 -1.80476 1.76877 -0.213747 -1.09367 -0.632012 1.52259 2.99642 -1.14535 -0.510028 -2.0642
2:-3.43276 -3.11105 2.90465 4.50962 -5.24309 -3.16766 -2.48373 0.0441487 -1.15856 -1.16191 1.35532 1.31157 -0.302441 -1.18424 -0.737939 2.97337 5.73666 -1.1616 3.04086 -0.131344 -2.14202 -0.285722 0.392773 2.17748 -1.56544 -1.00818 0.883337 -1.06217 -1.44002 -2.68076 -2.1825 0.617602 0.660183 -0.484998 -1.18392 0.41823 3.34451 -1.83687 -2.45931 -1.94757
2:-2.68475 -2.56526 2.67086 4.29149 -5.68078 -3.56163 -0.315964 -0.986827 -2.74452 -0.462788 2.80904 2.49273 -0.819251 -1.31717 -2.23998 5.76513 5.32559 -0.922501 4.12845 -1.00398 -1.82936 -0.58263 0.900941 0.977094 -0.937704 -1.74917 -0.0389187 -1.10336 -2.07758 -3.38667 -1.19914 -0.0648194 1.3327 -0.323019 -1.59847 3.90129 2.41078 -0.393417 -1.9964 -1.41541
2:-1.76356 -3.08133 3.29642 3.37939 -5.4158 -4.21647 -1.3985 -0.794996 -1.44595 -0.806138 2.72426 3.5591 -0.249801 -1.16331 -0.689947 3.53947 6.16718 -0.397109 2.64029 -0.708107 -1.92662 -0.124172 2.27358 0.186351 -0.608102 -1.79184 2.03537 1.68078 -1.67183 -1.82232 -1.71754 1.66874 0.801648 -0.165442 -1.16695 2.91499 1.6758 -1.6996 -0.781012 -1.25001
0:-1.60186 -3.49658 2.32428 3.8099 -5.26295 -4.28073 -1.07661 -1.97376 -1.20123 -0.378307 2.53421 2.30586 -0.891187 -2.63615 -2.06729 4.07056 6.08735 -1.68226 0.79943 -0.192701 -0.379823 -1.13136 2.40831 4.04847 -0.464982 -2.08475 1.00022 -1.87077 -1.58757 -2.18539 0.441014 5.39032 1.66761 -1.92786 -1.9433 4.71794 2.12443 -2.01806 -1.99004 -1.11303
1:-2.59325 -3.74699 2.36796 3.98054 -5.54077 -2.38933 -2.08007 -0.4719 -2.0955 -0.942769 1.09679 3.96544 -1.90347 -1.9385 -0.599746 1.92778 2.36422 -1.9808 3.12878 -0.813915 -1.50835 -1.3962 3.63777 1.39342 -0.789403 -0.329948 1.54147 0.550145 -1.90087 -0.402698 -1.85204 0.451654 0.773881 -2.00297 -0.523536 1.59879 2.92245 -1.17586 -0.246808 -1.21559
1:-2.73605 -4.04905 2.88468 4.20369 -5.38681 -2.38601 -2.6662 -0.324297 -1.52612 -1.13196 1.00058 2.41803 -1.85427 -1.90569 -0.40045 1.88451 2.95429 -2.07114 3.34457 -0.632956 -1.86454 -0.296563 3.08278 1.26466 -1.05656 -0.710967 1.4862 0.535273 -1.8938 -0.252891 -1.69289 1.60423 -0.237373 -1.5196 -0.327276 2.42635 2.92868 -1.19199 -0.370271 -1.8261
2:-2.87723 -2.5997 3.46215 4.58845 -5.95098 -3.38108 -1.22236 -0.484523 -1.59666 -1.11436 2.0226 1.6243 -0.413883 -1.14433 -1.0657 3.71352 6.27012 -0.835089 1.86645 -0.0717698 -1.149 -0.167169 0.427025 1.4639 -1.33384 -1.42048 0.665676 -0.319734 -1.7008 -2.41034 -1.85477 0.402801 1.29024 -0.430248 -1.26474 1.84965 2.2704 -1.51655 -2.49623 -1.81092
1:-2.60505 -3.66596 3.23541 4.34434 -5.81616 -2.20321 -2.16205 -0.35943 -1.3948 -1.01773 0.880624 1.98036 -2.24886 -1.75216 -0.301114 2.24859 2.88153 -1.97042 2.83289 -1.23308 -1.09471 -1.36976 3.72723 1.6901 -0.336985 -0.313591 2.09934 0.504236 -1.58674 -0.293021 -1.371 1.04866 -0.100308 -1.4799 -0.595306 2.17788 2.67648 -1.17134 -0.23697 -1.62422
2:-2.71761 -2.49633 3.99554 2.74728 -6.08398 -3.78373 -0.343038 -0.877132 -1.07489 -1.34424 2.88813 2.25604 -1.08583 -0.768618 -1.67954 4.8621 3.20829 -1.8468 5.32236 -1.88376 -1.56375 -0.449429 4.34888 1.67051 -0.369029 -1.55285 0.582925 -0.0662894 -1.85609 -3.04643 -0.213945 -0.0395015 1.71989 -0.859237 -1.2324 3.28874 2.52145 -0.693644 -1.72924 -1.3315
2:-3.15799 -2.67384 2.43897 5.18346 -5.61725 -3.24026 -1.86426 -0.628086 -1.32742 -2.50521 2.86354 -0.0320628 -0.858683 -1.65542 -1.10638 2.00918 4.92106 -1.13814 0.287134 -0.438749 -2.77205 -0.628601 0.560961 2.82639 -0.578204 -1.5628 0.626153 1.26347 -1.66252 -1.4224 -1.57443 1.75765 3.71243 -0.277974 -0.517362 4.33391 2.01205 -0.496131 -1.30568 -1.40555
0:-2.25204 -2.61667 3.35207 2.84971 -6.06327 -4.07498 -0.347325 -2.16598 -0.67831 -1.32484 2.91415 2.64323 -1.24459 -0.939599 -1.70512 5.0608 5.41537 -1.96105 4.63864 -1.17609 -1.00669 -0.776028 1.56905 4.40268 -0.510086 -1.587 1.67984 -1.13287 -1.09074 -1.24903 0.191452 4.44253 1.34971 -1.36134 -1.57362 4.59024 1.50745 -2.72712 -1.30517 -0.699633
1:-2.34635 -3.35466 2.58189 4.38191 -5.78507 -2.3882 -2.1314 -0.394273 -1.94146 -0.84419 0.660947 2.51295 -2.43644 -1.65734 -0.458188 2.2626 2.72404 -1.92958 2.40477 -1.47829 -1.2575 -1.37201 3.8049 1.46037 -0.477188 -0.27499 1.96298 0.451644 -1.68602 -0.342138 -1.41902 1.1662 -0.128529 -1.73625 -0.745127 2.0902 2.59769 -1.22144 -0.2229 -1.66327
1:-2.74958 -4.01305 3.03882 3.93133 -5.46519 -2.31944 -2.51418 -0.429005 -1.53402 -1.24669 0.778948 2.99852 -1.76399 -1.68531 -0.605593 1.21889 3.07905 -2.35619 3.33327 -0.560192 -1.97091 -0.235617 2.72045 1.22975 -1.24133 -0.922614 1.48814 0.735116 -1.95381 -0.262656 -1.33035 2.55074 -0.321076 -1.42176 -0.929337 1.75409 2.79793 -1.26885 -0.33533 -1.99166
0:-1.18176 -3.276 1.39169 1.98552 -5.53488 -4.83722 -1.27559 -2.25231 -0.926114 -1.2647 3.40043 1.46304 -1.2968 -3.08937 -2.87007 4.03846 6.25059 -1.79995 3.0865 -0.671577 -1.26139 -0.932224 1.75566 4.11819 -0.784379 -2.60006 1.08948 -2.15474 -1.59146 -2.84809 -0.232156 1.87474 2.91268 -1.6528 -1.79334 5.80245 0.926628 -2.99766 -1.66592 -0.533567
0:-2.16261 -3.08554 2.57509 4.33191 -5.11853 -3.31142 -0.313343 -1.81966 -2.51429 -0.0740008 2.00128 2.24248 -1.59508 -1.90557 -1.91373 4.08682 6.83029 -1.25612 2.5762 -1.07467 -1.72742 -0.696134 0.289875 4.17838 -2.13269 -1.64027 1.98175 -0.60509 -1.00804 -1.75194 0.245465 1.96607 0.222397 -0.773494 -2.02665 4.88815 1.36719 -1.19935 -1.66054 -0.438926
0:-2.48399 -3.39584 2.69721 4.67594 -5.5092 -2.50644 -1.05497 -1.04265 -2.77575 -0.674443 2.24804 2.06182 -1.19774 -1.46014 -1.1235 2.56355 4.49745 -1.29167 0.83838 -0.498732 -1.98143 -1.15101 1.5577 1.91323 -2.18423 -1.5897 2.01017 2.21155 -2.23414 -0.901448 0.544066 2.55077 -0.0394544 -1.07346 -1.36026 2.02396 0.682155 -0.661734 -1.35707 -0.932836
2:-1.96191 -3.01583 3.3297 2.94102 -5.52358 -3.95432 -0.314374 -0.76041 -1.4506 -1.32887 4.04333 3.56831 -0.638018 -1.84701 -1.69218 3.72037 4.03271 -0.319677 3.67625 -1.66992 -1.02368 -0.60522 0.820362 0.597106 -0.750594 -1.66291 2.66713 -0.000132388 -2.33705 -2.975 -1.22594 3.02346 -0.312454 -1.22806 -0.18168 2.1132 3.28948 -0.775684 -1.42213 -1.36576
2:-2.71082 -3.05358 3.64214 3.57897 -5.14383 -3.66797 -2.47795 -0.27098 -0.677087 -2.1302 0.65557 1.01914 -1.11025 -1.32674 -0.262594 1.71423 4.42252 -1.87464 3.76575 -0.434517 -2.49539 -0.617542 2.0467 1.65447 -0.57345 -0.786425 2.71631 0.552411 -1.8538 -2.11664 -1.25377 2.99126 1.88005 -0.739335 -0.484085 3.50453 3.31 -1.48747 0.210613 -1.80496
1:-2.69169 -4.16129 2.75461 4.01388 -5.24079 -2.66722 -2.96809 -0.123206 -1.44797 -1.2097 1.65964 2.85644 -0.791798 -1.52159 -0.854632 1.28464 4.65269 -1.81717 3.0848 -0.294791 -2.04445 -0.221962 2.2889 1.37717 -1.06615 -1.19539 1.15472 1.03213 -1.90725 -0.367383 -1.96007 1.86009 -0.20776 -1.08506 -0.437806 1.61077 3.24087 -1.13988 -0.568739 -2.08497
2:-2.22582 -3.19658 3.44914 3.73991 -5.54791 -4.07635 -1.54136 -0.518254 -1.34059 -0.658986 2.45865 1.19135 -0.627331 -0.877563 -0.4601 2.26365 4.93604 -1.81545 2.34436 -0.365677 -1.53603 -0.382746 2.95942 1.45186 -0.442835 -1.83998 1.67809 0.856431 -1.63916 -0.456813 -1.04489 3.92719 0.849598 -1.32564 -0.339294 2.27116 2.50329 -1.28123 -0.371847 -1.87587
0:-2.07653 -2.74097 3.3041 2.79184 -5.81377 -4.01965 -0.363203 -2.05798 -1.05796 -1.03541 2.67395 2.71089 -1.03939 -1.4837 -1.65103 4.75763 7.3419 -1.51052 3.52694 -0.698863 -1.95656 -0.61497 0.637233 3.65128 -0.786428 -1.15674 1.35659 -1.03077 -0.465568 -1.2207 1.0663 4.82508 1.88777 -1.8081 -1.47061 4.24083 2.68592 -2.1976 -1.51929 -1.76574
2:-1.50573 -3.4792 2.01168 1.57893 -5.77525 -4.50393 -1.99207 -0.248541 -0.876437 -1.69316 2.46201 1.15401 -0.978206 -1.86628 -0.929101 0.711136 4.40717 -1.10239 0.544397 -0.466825 -2.1954 -0.448085 1.85291 2.13569 -0.553734 -1.64559 1.81625 1.87622 -1.8366 -1.11673 -2.10581 2.65067 1.06301 -0.689259 0.31019 5.22706 1.75031 -1.51105 -0.873996 -1.52038
1:-2.40255 -3.17284 2.36853 4.54596 -5.94929 -2.58689 -1.95409 -0.46214 -2.24754 -0.753095 -0.0229082 3.03709 -2.54782 -1.17801 -0.733118 1.85833 3.03285 -1.8934 2.30826 -1.68249 -1.1648 -1.2508 3.85681 1.56958 -0.607845 -0.379493 1.62826 0.383142 -1.76311 -0.2084 -0.941784 1.80766 -0.236715 -1.5239 -1.06833 1.81119 2.50319 -1.21995 -0.255779 -1.97801
1:-2.51723 -3.2022 2.43292 4.29499 -5.48914 -2.60866 -2.6018 -0.301713 -1.80859 -0.834799 0.8084 2.14464 -2.31434 -1.84112 -0.318699 2.2747 2.87721 -1.98412 2.45656 -1.49716 -1.81058 -0.301431 3.55001 1.7156 -1.05534 -0.920566 1.34985 0.639304 -1.8896 -0.209632 -1.77502 1.50949 -0.225404 -1.42357 -0.582424 2.16644 2.92004 -1.15499 -0.322599 -1.97239
2:-3.02173 -2.95607 3.65508 5.06304 -5.84132 -3.0321 -1.76432 -0.566163 -1.41447 -1.08524 -0.0155954 2.87586 -0.175595 -0.317112 -1.24422 5.47949 5.89042 -0.302499 3.87277 -1.11083 -2.34011 -0.654268 1.56354 1.47455 -0.232616 -0.1707 0.640227 -0.718279 -1.8776 -3.02767 -1.0991 3.13285 1.58216 -0.779441 -0.171008 3.45974 3.92398 -1.24416 -0.481533 -1.64839
1:-2.5035 -3.9812 3.03705 4.63308 -5.43575 -2.72243 -2.6268 -0.258537 -1.43679 -1.09331 0.939081 4.44615 -0.629841 -0.674041 -1.02636 1.02606 4.82758 -2.43983 2.90209 -0.897404 -1.90868 -0.17897 2.2809 1.03858 -1.02723 -1.17841 1.42444 1.31072 -2.06773 -0.290493 -1.16488 3.25009 -0.340689 -1.09679 -1.11761 0.905075 2.7112 -1.30349 -0.453624 -1.9901
0:-2.14888 -3.24542 3.13001 4.49894 -5.6553 -3.69652 -0.331025 -2.01699 -1.84768 -0.185968 1.96002 2.88757 -1.08885 -1.26434 -1.38588 4.79682 6.0663 -1.15609 2.57378 -0.248787 -0.699152 -0.97027 1.76061 4.30151 -0.964546 -1.8237 1.26717 -1.03382 -1.36836 -1.49414 0.442562 2.08552 0.569499 -0.908396 -1.86225 4.75926 1.1843 -0.847638 -1.71262 -0.363526
1:-2.76406 -4.09097 3.22659 4.10152 -5.49399 -2.52601 -2.55387 -0.266769 -1.34244 -1.13562 1.32759 3.1744 -1.3293 -1.32551 -0.59308 0.855966 3.72237 -2.31905 3.31416 -0.493598 -1.67451 -0.243355 3.06699 1.47036 -0.779027 -1.08859 0.62676 0.752288 -1.87136 0.0153165 -1.42181 2.57281 -0.268496 -0.900197 -1.11227 1.21455 3.1124 -1.31726 -0.398358 -2.11608
0:-2.26435 -4.01546 2.72883 4.64555 -5.13872 -2.99283 -0.708597 -2.27983 -1.74007 -0.448781 1.88672 1.51299 -2.33473 -1.95586 -2.14842 0.401488 2.35456 -1.88761 3.71589 -1.7521 -2.38504 -1.4133 2.02156 2.84384 -0.297172 -0.885819 1.51723 -1.76045 -1.25951 -1.13458 -0.984304 0.0682666 1.79927 -0.148325 -2.51356 0.720167 1.08521 -2.53392 -0.944426 -1.56137
2:-2.79819 -3.11841 2.35265 5.10362 -5.73523 -2.98132 -1.255 -0.252676 -1.34515 -0.762056 3.63192 4.46769 -0.734244 -1.64377 -1.18395 3.98805 3.51058 0.395259 5.10865 -1.89675 -1.72462 -0.385119 1.75978 1.92756 -1.01189 -1.05215 -0.0241117 -0.380536 -2.10362 -3.39162 -1.13175 1.51718 0.513206 -0.0170435 -1.03714 3.3432 2.11324 -1.03455 -0.673288 -1.189
0:-2.24721 -2.98526 2.60715 4.52892 -5.35929 -3.29358 -0.331617 -1.87061 -2.7347 -0.216575 2.36895 3.30929 -0.930534 -1.6351 -1.62477 4.21421 5.57432 -0.815654 1.78555 -0.538676 -1.73002 -1.19512 0.111622 3.56754 -2.1351 -2.17701 1.35113 -0.0604633 -1.171 -1.25146 -0.429875 -0.0824306 0.596727 -1.01868 -0.661247 2.64561 1.77604 -0.256572 -1.72177 -1.60828
2:-2.85809 -2.33122 4.0384 3.14916 -5.84858 -3.24946 -0.890021 -0.508911 -1.11059 -2.86984 2.49949 1.69339 -0.596093 -1.44893 -1.8344 4.35674 6.94156 -0.999523 2.57428 0.215909 -1.42888 -0.630942 -0.0392269 2.62732 -1.8792 -1.62417 0.915075 -0.626025 -1.65149 -2.5186 -1.85773 2.2592 4.07524 -0.640738 -1.07151 5.38424 1.00511 -0.466124 -2.02488 -1.92285
1:-2.6314 -3.84677 3.37267 4.22686 -5.69812 -2.24711 -2.30082 -0.38115 -1.3567 -1.08296 1.34239 2.41349 -2.03412 -1.6557 -0.46993 1.30671 2.94308 -2.11374 2.38135 -1.18442 -0.999538 -1.08629 3.42629 1.75757 -0.292385 -0.602026 1.37584 0.730671 -1.5345 -0.0993394 -1.58672 1.79613 -0.230162 -1.31474 -0.724651 1.58762 2.75141 -1.13507 -0.406044 -1.94332
1:-2.48685 -3.88883 3.14319 4.46742 -5.30297 -2.59502 -2.55751 -0.310363 -1.31798 -1.1376 1.28402 4.10729 -0.786976 -0.964638 -0.948933 0.130876 4.94936 -2.42813 3.058 -0.802017 -2.06837 -0.413003 1.9214 0.852687 -1.25939 -1.75598 2.95388 1.5466 -2.40477 -0.871494 -0.985523 3.46628 -0.218296 -0.454224 -1.52984 -0.00532465 3.10459 -1.42828 -0.468953 -2.04685
2:-3.19159 -2.83238 2.54642 5.18708 -5.30726 -3.44616 -2.22948 -0.391272 -0.939388 -1.7364 2.20506 0.864423 -1.17071 -1.57293 -0.333393 1.15255 5.13191 -1.30278 1.88855 -0.614107 -2.23026 -0.271088 1.06487 1.77615 -0.807873 -1.15729 2.02051 0.848634 -1.97343 -1.94295 -1.17025 3.80741 0.541689 -0.311021 -0.134231 3.9665 2.08313 -1.5506 -0.380961 -1.56578
2:-3.2002 -2.56005 1.83972 5.02245 -4.87124 -3.60904 -2.53331 -0.697947 -1.47937 -2.10941 2.04827 0.651245 -1.27275 -2.17461 -0.951376 2.04328 4.70789 -0.904763 1.20041 -0.466075 -2.58512 -0.780401 0.897675 4.32567 -2.41977 -1.15468 1.05398 -0.514385 -1.01786 -1.74901 -2.39979 2.45133 4.16393 -0.247565 -0.690826 4.81407 0.60137 -0.852736 -1.90232 -2.20182
2:-2.51976 -3.7632 3.31849 5.78521 -5.3756 -2.51138 -1.46868 -1.21921 -0.874063 -1.0846 -0.268882 2.24309 0.0148013 -0.322155 -1.71186 3.68807 5.85145 -0.56043 3.27877 -0.227891 -2.53117 -1.11429 3.28173 3.43401 -1.6934 -0.624426 0.972562 -1.39572 -1.91777 -2.12881 -2.18707 2.51214 1.26215 -0.201058 -1.45203 0.627092 1.20933 -1.7457 -1.79249 -1.80761
1:-2.04904 -3.77778 3.59691 4.70876 -5.44336 -2.50416 -2.31619 -0.274874 -1.5035 -0.963487 0.823237 3.73499 -1.13271 -0.617294 -1.24235 1.00803 7.1674 -0.475285 2.72323 -2.26086 -1.49286 -1.62763 1.85748 1.21747 -1.54554 -0.164221 1.87331 1.10504 -2.11201 -2.57286 -0.628067 3.8979 -0.204882 -0.245925 -1.09438 -0.104025 3.04667 -1.44317 -0.692484 -1.87027
0:-1.95294 -2.83365 3.84607 2.68267 -6.19053 -4.03226 -0.375187 -2.07519 -0.768307 -1.21722 3.03253 2.79765 -0.999633 -1.09384 -1.66362 4.99918 5.40918 -1.93686 5.33556 -1.4081 -0.939635 -0.519445 1.37641 4.27882 -0.541242 -1.63538 1.81117 -1.42061 -1.13983 -1.74287 0.0185554 3.14107 0.718536 -0.877513 -1.6005 4.22858 0.807145 -2.36231 -1.20131 -0.511766
1:-2.48968 -3.48473 2.50929 4.11278 -5.57459 -2.40215 -2.38323 -0.399707 -1.85844 -0.921161 0.828704 2.01649 -2.23763 -1.99794 -0.276248 2.25838 2.68695 -2.04578 2.95088 -1.14842 -1.47645 -0.737437 3.69272 1.51516 -0.899231 -0.521672 1.86808 0.512714 -1.87202 -0.205632 -1.77295 1.08342 -0.168852 -1.55704 -0.38147 2.50887 2.73223 -1.12189 -0.302728 -1.69821
2:-1.92457 -2.98922 2.60132 6.22158 -5.37631 -3.61844 -2.51456 -0.273737 -1.89167 -2.1527 0.4181 1.87978 -1.85205 -1.12608 -0.856863 0.858815 2.8351 -1.61658 1.46869 -1.47317 -2.01258 -0.66351 3.00918 0.828651 -0.54558 -0.556167 1.1309 0.76132 -1.75555 -0.463954 -1.60267 3.91685 1.54872 -0.744 -0.00527005 4.02935 2.66362 -1.62281 -0.270454 -2.19557
1:-2.74929 -3.97277 2.9777 3.77753 -5.35045 -2.30636 -2.64364 -0.42055 -1.48874 -1.22036 1.0692 2.62921 -1.78163 -1.64085 -0.400233 1.36688 3.22947 -2.21867 3.49622 -0.629374 -2.15318 -0.122901 2.21878 1.30204 -1.41158 -1.3209 1.55071 1.10675 -1.9935 -0.48046 -1.52505 2.3723 -0.256195 -0.908111 -1.03977 1.54017 3.25298 -1.33325 -0.330785 -2.12601
2:-2.44971 -2.82699 3.66723 5.16804 -5.25716 -3.16927 -1.96941 -0.377019 -1.34699 -0.767347 1.59634 2.56455 -0.328237 -1.34075 -1.18057 4.8949 7.11244 -0.479982 3.41334 -0.102879 -2.10115 -0.305683 2.47601 2.89861 -2.07032 -1.30891 0.476685 -1.96191 -1.70442 -2.87748 -2.3157 0.0958672 1.36868 -0.498126 -1.19274 2.72272 2.86157 -1.11458 -2.68216 -1.42321
0:-1.99561 -3.35594 3.25126 4.57169 -5.65689 -3.18666 -0.0456516 -1.96044 -1.67393 -0.154517 3.22124 3.81609 -1.10331 -1.71028 -1.84434 3.82031 4.28121 -1.43536 4.32161 -1.68618 0.0939605 -1.30562 2.57285 2.55734 -0.413978 -1.71377 1.74911 -1.26642 -1.6049 -2.0314 0.424844 1.93619 0.267944 -0.930973 -1.98307 3.68774 0.994712 -0.939593 -1.82729 -0.50784
0:-1.67817 -3.08088 3.02799 2.67237 -6.07521 -3.86825 -0.295006 -1.92532 -0.777619 -0.795779 3.1315 3.1918 -1.15205 -1.33214 -2.05307 4.24675 6.29084 -1.90344 3.96062 -0.545782 -1.42706 -0.832286 0.95945 4.43303 -0.435159 -1.60251 1.49532 -1.6069 -1.19137 -1.36626 0.637726 4.08705 1.11631 -1.54892 -0.971867 4.132 2.324 -3.06364 -0.97835 -1.42708
2:-2.62949 -2.94571 2.70651 4.75073 -5.78509 -2.95659 -1.82255 -0.264404 -1.41911 -0.925526 3.01113 4.08015 -0.761061 -1.30699 -1.0102 5.15337 4.75497 0.137334 4.88282 -1.77665 -1.57866 -0.436941 1.75075 1.26253 -1.46936 -1.05993 1.08337 -0.0772392 -2.19343 -3.40509 -0.670816 2.77645 -0.0168162 -0.815602 -0.173855 3.01901 3.44458 -1.2778 -0.499065 -1.05719
2:-2.77706 -2.07861 3.97397 3.01205 -6.12935 -3.62401 -0.563617 -0.809302 -1.20414 -2.51853 3.16622 2.56859 -0.925193 -1.50444 -1.79265 4.78017 6.14239 -1.76345 4.31683 -0.822718 -1.65669 -0.273602 1.27437 0.677049 -0.976319 -1.57263 0.366772 -1.50672 -1.82095 -3.16455 -1.3234 1.1316 3.14968 -0.282085 -2.00606 5.91266 0.690054 -1.55916 -1.7991 -1.34548
0:-1.77875 -3.94114 1.83783 3.39304 -4.79455 -4.40172 -2.35003 -1.8622 -2.31676 -0.396167 2.49304 2.75807 -0.698854 -2.28505 -1.42853 3.50651 3.46843 -1.25858 1.10641 -0.5194 -2.47572 -1.05702 -4.26829e-05 3.87726 -2.23824 -2.07183 0.956522 -0.54068 -1.08285 -1.53743 -0.678618 1.95397 2.13032 -1.47206 -0.791462 4.0035 0.52527 -0.380958 -2.25095 -0.299599
0:-1.39922 -2.99422 2.10117 2.34238 -6.45901 -4.11407 -0.708722 -0.859183 -0.883616 -1.1758 0.999689 1.16838 -1.28627 -1.2097 -2.3986 0.338201 6.90121 -2.17618 4.26908 -1.64809 -1.91765 -0.272882 2.5196 3.94086 -0.254031 -0.7787 1.47907 -1.20361 -2.03055 -1.34362 -0.192017 1.356 1.26991 -0.136528 -1.68841 4.01518 1.00377 -2.5182 -0.894972 -0.830704
0:-2.20494 -3.02838 2.54832 4.46119 -5.34754 -3.85682 -0.641719 -1.69278 -1.43355 -0.450121 2.23557 1.29162 -1.291 -1.9583 -1.40884 2.70997 6.13952 -1.41635 0.54933 -0.507635 -1.78667 -0.683525 0.715194 3.54745 -1.2879 -1.41354 1.29055 -0.423136 -0.552746 -1.14623 0.923296 4.9706 1.22222 -1.46107 -2.0332 3.86242 2.18684 -1.48945 -1.91301 -1.06897
0:-2.46231 -2.688 3.21727 4.3771 -5.45804 -3.72834 -0.612553 -1.61989 -1.4997 -0.64129 2.38716 1.67086 -1.22196 -1.7668 -1.36474 2.41019 6.04351 -1.50014 0.774624 -0.444633 -0.943258 -0.874363 1.0 3.672 -1.36304 -1.61417 2.14675 -0.111394 -0.972172 -1.20012 0.793956 4.45637 0.0464817 -1.03714 -1.97065 3.75599 1.62984 -1.45905 -1.49576 -0.91061
0:-2.25389 -2.70937 2.64407 3.2474 -5.69894 -4.62528 -0.553832 -1.82118 -0.485904 -1.59941 2.46483 1.21004 -1.70448 -2.12506 -2.52409 1.78988 5.90202 -1.99989 2.37965 -0.789696 -1.68865 -0.782252 1.59375 4.38198 -0.404724 -1.61097 0.750846 -1.37553 -1.18262 -1.72189 -0.133379 2.60537 0.76311 -0.629303 -0.852533 4.7598 1.24062 -3.14171 -0.424707 -1.15343
2:-2.13466 -2.62253 3.60834 3.2634 -5.31685 -3.9954 -1.59076 -0.0856963 -1.11285 -1.90749 4.45138 2.37326 -0.854563 -1.20294 -1.39897 2.50461 5.46482 -1.6809 2.6033 -0.179523 -0.900884 -0.791684 0.356728 2.88017 -1.21679 -1.40114 0.0826093 -0.444282 -2.20243 -1.81939 -1.92258 1.19795 -0.213943 -1.04754 -0.530097 2.26638 4.09902 -0.871725 -1.64646 -1.91028
1:-2.32588 -3.23303 1.87028 4.90108 -5.73884 -3.17622 -2.32957 -0.302093 -2.33885 -0.691623 0.479998 2.25221 -2.35764 -1.51243 -0.611059 2.1821 2.58319 -1.72364 2.04663 -1.66848 -1.14654 -1.40378 3.55245 1.95603 -0.486213 -0.557141 1.71491 0.800229 -1.74392 -0.268363 -1.82438 0.0709786 0.456864 -1.31245 0.214314 1.89144 1.68136 -0.79809 -0.626899 -1.19018
0:-1.97213 -3.28268 2.95048 4.55457 -5.58701 -3.33984 -0.184719 -1.887 -1.66042 -0.188423 2.07999 3.40574 -1.10495 -1.56104 -1.58504 4.36345 5.42649 -1.91652 3.45862 -0.384078 -0.347586 -0.860913 2.40297 3.59231 -0.384914 -1.72999 1.40532 -1.21955 -1.3642 -1.75039 0.619413 4.56938 0.233886 -1.1195 -1.39878 3.6339 1.82738 -2.43561 -0.949795 -1.16537
0:-1.82686 -3.31954 2.62388 3.6697 -5.48574 -3.74108 -0.205243 -2.37614 -1.60703 -0.14516 2.54998 2.67115 -1.09887 -2.26743 -1.9346 4.74855 6.5382 -1.45507 3.7766 -0.770622 -1.19571 -0.742512 1.65986 4.76942 -0.844139 -1.86864 1.34808 -1.8667 -1.43144 -2.12851 0.44428 3.94583 1.80495 -1.36496 -2.00057 5.18631 1.13643 -1.45291 -1.55032 -0.388644
0:-1.85036 -4.18476 0.764416 4.26524 -4.74921 -3.39103 -1.80512 -2.13367 -1.80195 -0.413711 1.62776 1.26193 -2.24338 -1.733 -3.21069 2.10105 4.49705 -1.97618 0.913682 -1.16749 -2.31905 -1.64235 0.5277 2.19226 -0.565814 -0.75961 1.54482 -1.84579 -1.32102 -1.20905 -1.53092 0.318832 1.72929 -0.163921 -2.81075 1.86467 1.41313 -2.56176 -1.2647 -1.40859
0:-2.20241 -2.47905 2.86806 2.1665 -6.74649 -3.59435 -0.607096 -1.5229 -0.357506 -1.59476 2.88458 2.65418 -1.22544 -1.06155 -1.75162 5.05083 5.79792 -1.84587 4.51759 -1.00573 -0.777467 -0.566492 2.93162 3.42049 -0.274168 -1.40582 1.55351 -1.45739 -2.32895 -1.73746 0.429432 4.75546 0.859042 -1.27831 -1.62432 3.99669 1.69376 -2.43525 -1.20763 -0.798186
2:-2.72787 -2.69197 3.8485 4.24769 -5.54175 -3.72471 -1.73387 -0.595786 -1.11103 -2.21395 2.93854 1.92607 -0.595196 -1.01359 -0.652626 2.69365 6.04075 -0.980133 2.00761 -0.21828 -2.04869 -0.278197 1.02642 1.7685 -0.571228 -1.36762 2.4845 1.5965 -1.88009 -1.10654 -1.01036 4.21502 0.944553 -1.91696 -0.238804 0.898778 3.59772 -1.17434 -0.826861 -2.04532
0:-2.30132 -2.7071 2.33065 2.26936 -6.13945 -4.34029 -0.375507 -2.62767 -0.293647 -2.09171 4.10704 1.20904 -1.95431 -1.83415 -1.90735 2.79402 4.5085 -1.78747 4.9099 -1.91283 -2.07352 -0.681051 0.156268 3.47513 -1.5758 -1.34389 1.39646 -1.07216 -0.58643 -1.15804 -0.0466624 3.60695 2.43422 -1.27967 -1.81989 5.11637 0.810436 -2.52101 -1.68447 -0.416613
2:-2.73384 -2.69883 2.75608 5.47551 -4.78109 -3.61764 -2.48476 -1.3244 -1.47495 -2.48557 1.38351 0.682592 -1.36384 -1.46382 -1.19055 1.30902 3.0678 -1.01686 0.521554 -0.937884 -2.69836 -1.98237 1.06462 2.45185 -2.39101 -0.975596 1.09085 -0.396479 -1.20405 -1.40412 -2.51745 3.01614 3.76798 -0.058683 -0.968556 3.1386 1.63748 -0.814725 -1.60586 -2.34215
2:-1.66311 -3.3247 3.11622 5.18347 -5.51844 -3.25158 -1.21207 -0.500672 -1.52919 -0.506013 2.3277 4.25593 -0.789013 -1.05772 -0.744943 3.27917 6.06633 -0.472161 2.77437 -0.690011 -1.35021 -0.942111 0.370251 1.61457 -0.680678 -1.60117 2.96324 1.70522 -2.25311 -1.41678 -0.683681 3.95231 -0.302462 -1.31 -1.26582 -0.0890217 2.35596 -1.43627 -0.725478 -1.86627
1:-2.24799 -3.88294 2.87544 4.18772 -5.05924 -2.63255 -3.01582 -0.0419321 -1.60565 -0.992676 0.254106 5.58307 -0.26445 -0.790617 -1.50951 2.01112 6.26028 -1.52808 3.05926 -1.15975 -2.46541 -0.625706 0.503983 2.16313 -1.68551 -0.981641 1.97551 -0.102343 -1.81718 -2.77201 -1.0971 3.32358 -0.18847 -0.336366 -1.26976 -0.0039906 3.29291 -1.45452 -0.493434 -2.03937
1:-1.9895 -3.26565 2.03948 3.04724 -4.95445 -4.9305 -2.12526 -0.949643 -2.79993 -1.55536 0.371812 2.59039 -2.24127 -1.35798 -0.984045 1.60633 2.42264 -1.67787 1.78185 -1.61237 -2.49534 -0.96814 3.10769 1.60146 -1.65562 -0.701678 1.21034 0.550009 -1.9728 -0.601092 -2.23286 1.52082 2.90412 -1.56363 -0.191564 3.00826 1.28626 -0.695777 -1.10853 -0.415596
0:-2.53168 -2.44787 3.02195 4.6804 -5.27816 -3.84955 -0.370119 -1.90328 -2.61308 -0.750695 1.69839 2.60294 -1.36744 -1.40627 -1.65998 4.46883 5.92564 -1.87577 2.94512 -0.671917 -0.609423 -0.848043 2.11133 4.29923 -1.32681 -1.66925 1.3844 -1.03557 -1.07006 -1.73592 0.211398 3.93895 0.666786 -1.05111 -1.70168 4.85439 1.44376 -2.32069 -1.2917 -0.63381
2:-2.33516 -3.03311 2.45989 5.31322 -5.52617 -3.24008 -2.42408 -0.128128 -1.43712 -0.710864 1.91263 2.90513 -0.793977 -0.933711 -0.45948 3.20199 6.38698 -1.4338 3.64448 -0.349279 -1.82237 -0.253701 0.936358 1.2447 -1.39324 -1.52389 2.82604 1.37517 -2.29994 -1.93733 -0.447276 3.90298 -0.0208505 -1.38724 -0.432126 1.22947 3.16745 -1.42597 -0.351112 -1.16776
2:-2.55383 -3.34621 3.31633 5.17647 -5.43367 -2.24484 -0.719357 -1.2422 -0.824015 -1.10539 -0.291691 3.38604 -0.889165 -0.228231 -2.62928 4.33909 5.25148 -1.23798 4.47818 -1.34372 -2.10772 -0.760882 4.29288 3.93004 -1.8292 -0.972255 0.11508 -0.88907 -2.17714 -1.82393 -1.43445 0.102619 1.38764 -0.177185 -1.99878 3.22949 2.27888 -0.579614 -1.63688 -1.44049
2:-3.16439 -1.96755 2.23099 4.01541 -5.75871 -3.35163 -0.846989 -0.434112 -1.22209 -1.48061 1.71298 2.4233 -0.993284 -1.71816 -1.20711 3.52992 7.24321 -0.997867 3.3499 -0.162217 -2.24711 -0.398312 0.307868 2.73401 -2.14514 -1.28179 1.62716 -0.0490507 -1.57671 -1.74576 -2.09716 1.22919 1.7037 -0.38301 -1.14243 4.5758 1.46423 -0.608329 -2.35962 -0.829213
2:-2.26032 -2.73256 3.07129 5.2154 -5.53301 -3.70142 -1.47274 0.217205 -1.61409 -0.815268 1.36471 1.79459 -0.211033 -0.582666 -1.00807 3.66492 5.16457 -0.874842 2.91494 0.0558696 -1.89164 -1.27371 1.50873 3.17393 -1.81786 -1.29992 0.868464 -0.531684 -1.42435 -2.40486 -2.38876 2.8674 1.96141 0.239402 -0.90307 2.75705 1.82321 -1.22205 -0.520602 -1.63256
2:-2.56221 -3.26931 2.41713 4.42662 -5.34968 -2.69816 -2.71558 -0.115804 -1.30462 -0.857192 1.44761 2.78274 -0.531366 -0.928414 -0.547879 3.25212 5.25546 -1.94803 3.93972 -0.240163 -2.55687 -0.384495 1.17502 2.09459 -1.27692 -1.10307 1.70924 0.689681 -1.9972 -2.2489 -1.65923 1.58471 1.6486 0.011168 -2.02545 2.40887 0.647696 -1.13801 -0.630443 -1.55726
